47491272328 -80 32882532256 1425012300.5930 2412 eduroam_
47491272320 -81 32882532246 1425012300.5930 2412 UofM_
47491272324 -84 32878988410 1425012300.5930 2412 UofM_Guest_
47491272326 -79 32882532251 1425012300.5930 2412 _
47491272323 -72 32882532356 1425012300.5930 5745 UofM_Secure_
47491272322 -75 32882532285 1425012300.5930 2412 UofM_Secure_
47491272329 -70 32882532367 1425012300.5930 5745 eduroam_
47491272321 -73 32882532350 1425012300.5930 5745 UofM_
47491272325 -72 32882532361 1425012300.5930 5745 UofM_Guest_
47491328707 -78 32878988464 1425012300.5930 5785 UofM_Secure_
47491328713 -78 32878988474 1425012300.5930 5785 eduroam_
47491271496 -67 32882532279 1425012300.5930 2437 eduroam_
47491268872 -88 32882532316 1425012300.5930 2462 eduroam_
47491328709 -77 32878988469 1425012300.5930 5785 UofM_Guest_
47491328705 -81 32878988460 1425012300.5930 5785 UofM_
47491271492 -67 32882532268 1425012300.5930 2437 UofM_Guest_
47491271488 -67 32882532262 1425012300.5930 2437 UofM_
47491271494 -68 32882532273 1425012300.5930 2437 _
47491268868 -88 32882532310 1425012300.5930 2462 UofM_Guest_
47491268864 -89 32882532299 1425012300.5930 2462 UofM_
47491271497 -70 32882532339 1425012300.5930 5220 eduroam_
47491271491 -71 32882532327 1425012300.5930 5220 UofM_Secure_
47491271490 -70 32882532293 1425012300.5930 2437 UofM_Secure_
47491268866 -83 32882532305 1425012300.5930 2462 UofM_Secure_
47491272327 -71 32882532372 1425012300.5930 5745 _
47491271489 -71 32882532321 1425012300.5930 5220 UofM_
47491271495 -71 32882532345 1425012300.5930 5220 _
47491271493 -72 32882532333 1425012300.5930 5220 UofM_Guest_
