162797488891936 -78 33136395812 1425012554.4560 2437 viro-geni-2_
84207466584968 -87 33136395783 1425012554.4560 2412 eduroam_
84207466584960 -83 33136395772 1425012554.4560 2412 UofM_
84207466584966 -87 33136395804 1425012554.4560 2412 _
47492007872 -66 33136395787 1425012554.4560 2412 UofM_
47491268870 -74 33132872054 1425012554.4560 2462 _
47491268868 -65 33132872051 1425012554.4560 2462 UofM_Guest_
47491268864 -64 33132872057 1425012554.4560 2462 UofM_
47491268872 -68 33132872060 1425012554.4560 2462 eduroam_
47491268867 -68 33136395854 1425012554.4560 5785 UofM_Secure_
47491268873 -66 33136395862 1425012554.4560 5785 eduroam_
47491473992 -85 33132872048 1425012554.4560 2437 eduroam_
47491268869 -67 33136395858 1425012554.4560 5785 UofM_Guest_
47491268865 -67 33136395851 1425012554.4560 5785 UofM_
47491473988 -81 33132872045 1425012554.4560 2437 UofM_Guest_
47492007880 -66 33136395802 1425012554.4560 2412 eduroam_
84207466584962 -83 33136395776 1425012554.4560 2412 UofM_Secure_
47491268871 -71 33132872087 1425012554.4560 5785 _
47492007876 -66 33136395794 1425012554.4560 2412 UofM_Guest_
47492007878 -66 33136395798 1425012554.4560 2412 _
84207466584964 -88 33136395779 1425012554.4560 2412 UofM_Guest_
47492007874 -69 33136395791 1425012554.4560 2412 UofM_Secure_
47492007881 -67 33136395844 1425012554.4560 5220 eduroam_
47492007875 -67 33136395837 1425012554.4560 5220 UofM_Secure_
47492007873 -65 33136395834 1425012554.4560 5220 UofM_
47492007877 -65 33136395841 1425012554.4560 5220 UofM_Guest_
47493331331 -79 33136395827 1425012554.4560 5180 UofM_Secure_
211938385015607 -81 33136395808 1425012554.4560 2437 HS-HOME-NET_
47493331336 -88 33136395823 1425012554.4560 2462 eduroam_
47492007879 -66 33136395847 1425012554.4560 5220 _
47493331333 -80 33136395830 1425012554.4560 5180 UofM_Guest_
211938385015619 -83 33136395816 1425012554.4560 2437 viro2_
47493331328 -86 33136395820 1425012554.4560 2462 UofM_
