189441481136070 -78 32850981260 1425012269.6250 2437 _
189441481136068 -80 32850981254 1425012269.6250 2437 UofM_Guest_
189441481136072 -82 32850981265 1425012269.6250 2437 eduroam_
47491272328 -85 32851538351 1425012269.6250 2412 eduroam_
189441481136064 -80 32850981248 1425012269.6250 2437 UofM_
47491272320 -86 32851538264 1425012269.6250 2412 UofM_
47491272324 -88 32851538279 1425012269.6250 2412 UofM_Guest_
47491272326 -88 32851538345 1425012269.6250 2412 _
47491272323 -74 32847495304 1425012269.6250 5745 UofM_Secure_
47491268873 -72 32850981306 1425012269.6250 5785 eduroam_
47491268867 -76 32850981295 1425012269.6250 5785 UofM_Secure_
47491268872 -86 32850981283 1425012269.6250 2462 eduroam_
47491268865 -72 32850981288 1425012269.6250 5785 UofM_
47491268869 -73 32850981300 1425012269.6250 5785 UofM_Guest_
47491268868 -85 32850981277 1425012269.6250 2462 UofM_Guest_
47491268864 -92 32850981271 1425012269.6250 2462 UofM_
47491272322 -81 32851538274 1425012269.6250 2412 UofM_Secure_
