47491268873 -74 32634322570 1425012052.3870 5785 eduroam_
47491268867 -77 32634322537 1425012052.3870 5785 UofM_Secure_
47491268869 -78 32634322554 1425012052.3870 5785 UofM_Guest_
47491268865 -75 32634322411 1425012052.3870 5785 UofM_
47491268870 -77 32634322450 1425012052.3870 2462 _
47491268868 -79 32634322442 1425012052.3870 2462 UofM_Guest_
47491268872 -78 32634322458 1425012052.3870 2462 eduroam_
47491268864 -77 32634322436 1425012052.3870 2462 UofM_
47491271491 -81 32630838829 1425012052.3870 5220 UofM_Secure_
47491271497 -81 32630838838 1425012052.3870 5220 eduroam_
47491271489 -82 32630838823 1425012052.3870 5220 UofM_
47491271493 -82 32630838834 1425012052.3870 5220 UofM_Guest_
47491272328 -86 32634322389 1425012052.3870 2412 eduroam_
47491272321 -78 32630838843 1425012052.3870 5745 UofM_
47491272324 -88 32634322380 1425012052.3870 2412 UofM_Guest_
47491272326 -88 32634322385 1425012052.3870 2412 _
189441481136073 -78 32634322519 1425012052.3870 5765 eduroam_
189441481136067 -76 32634322481 1425012052.3870 5765 UofM_Secure_
47491272323 -76 32630838847 1425012052.3870 5745 UofM_Secure_
47494398595 -81 32634322593 1425012052.3870 5805 UofM_Secure_
47494398601 -80 32634322609 1425012052.3870 5805 eduroam_
47491272329 -79 32630838856 1425012052.3870 5745 eduroam_
47491272322 -83 32630838766 1425012052.3870 2412 UofM_Secure_
47494398600 -79 32634322430 1425012052.3870 2462 eduroam_
189441481136065 -77 32634322467 1425012052.3870 5765 UofM_
189441481136069 -78 32634322497 1425012052.3870 5765 UofM_Guest_
47494398597 -80 32634322600 1425012052.3870 5805 UofM_Guest_
47491272325 -78 32630838851 1425012052.3870 5745 UofM_Guest_
47494398593 -80 32634322588 1425012052.3870 5805 UofM_
189441481136070 -78 32630838784 1425012052.3870 2437 _
47491328704 -82 32630838789 1425012052.3870 2437 UofM_
47494398592 -76 32634322423 1425012052.3870 2462 UofM_
47491463108 -81 32634322367 1425012052.3870 2412 UofM_Guest_
47491463110 -84 32634322371 1425012052.3870 2412 _
47491463104 -84 32634322358 1425012052.3870 2412 UofM_
189441481136072 -74 32634322405 1425012052.3870 2437 eduroam_
47491463106 -82 32634322362 1425012052.3870 2412 UofM_Secure_
47491463112 -82 32634322375 1425012052.3870 2412 eduroam_
189441481136064 -81 32634322395 1425012052.3870 2437 UofM_
189441481136068 -81 32634322400 1425012052.3870 2437 UofM_Guest_
47494398596 -87 32634322417 1425012052.3870 2462 UofM_Guest_
