47492007872 -69 32592687988 1425012010.7490 2412 UofM_
84207466584960 -87 32592687976 1425012010.7490 2412 UofM_
47492007880 -72 32592688001 1425012010.7490 2412 eduroam_
47492007876 -68 32592687992 1425012010.7490 2412 UofM_Guest_
162797488891936 -79 32592688017 1425012010.7490 2437 viro-geni-2_
47491268873 -72 32592688088 1425012010.7490 5785 eduroam_
47491268867 -75 32592688079 1425012010.7490 5785 UofM_Secure_
47491268869 -73 32592688083 1425012010.7490 5785 UofM_Guest_
47491268865 -68 32592688006 1425012010.7490 5785 UofM_
47491268870 -74 32592688030 1425012010.7490 2462 _
47492007878 -72 32592687996 1425012010.7490 2412 _
47491268868 -74 32592688026 1425012010.7490 2462 UofM_Guest_
211938385015607 -86 32592688012 1425012010.7490 2437 HS-HOME-NET_
84207466584968 -87 32592687983 1425012010.7490 2412 eduroam_
84207466584964 -85 32592687979 1425012010.7490 2412 UofM_Guest_
47491268872 -75 32592688034 1425012010.7490 2462 eduroam_
47491473992 -84 32589196359 1425012010.7490 2437 eduroam_
47491268864 -72 32592688021 1425012010.7490 2462 UofM_
47492007875 -76 32592688061 1425012010.7490 5220 UofM_Secure_
47492007881 -76 32592688070 1425012010.7490 5220 eduroam_
9354243434178 -78 32589196337 1425012010.7490 2437 UofM_Secure_
9354243434184 -80 32589196344 1425012010.7490 2437 eduroam_
47491959240 -81 32589196348 1425012010.7490 2437 eduroam_
47492007877 -75 32592688065 1425012010.7490 5220 UofM_Guest_
47492007873 -76 32592688057 1425012010.7490 5220 UofM_
47492007879 -76 32592688075 1425012010.7490 5220 _
9354243434180 -77 32589196341 1425012010.7490 2437 UofM_Guest_
9354243434176 -77 32589196333 1425012010.7490 2437 UofM_
47493331336 -89 32592688039 1425012010.7490 2462 eduroam_
47493331334 -87 32592688052 1425012010.7490 2462 _
47493331328 -87 32592688043 1425012010.7490 2462 UofM_
47493331332 -88 32592688048 1425012010.7490 2462 UofM_Guest_
