162797488891936 -81 32488815281 1425011906.9050 2437 viro-geni-2_
47491268864 -87 32486568856 1425011906.9050 2462 UofM_
47492007872 -81 32488815261 1425011906.9050 2412 UofM_
47491268868 -84 32486568864 1425011906.9050 2462 UofM_Guest_
47491268865 -70 32483062368 1425011906.9050 5785 UofM_
84207466584962 -71 32488815252 1425011906.9050 2412 UofM_Secure_
84207466584968 -74 32488815271 1425011906.9050 2412 eduroam_
114896623892006 -74 32488815298 1425011906.9050 2437 NAO_
84207466584966 -80 32488815265 1425011906.9050 2412 _
84207466584964 -72 32488815256 1425011906.9050 2412 UofM_Guest_
84207466584960 -70 32488815245 1425011906.9050 2412 UofM_
189441481137412 -83 32486568834 1425011906.9050 2437 UofM_Guest_
47491959236 -87 32486568849 1425011906.9050 2437 UofM_Guest_
47491959237 -81 32488815305 1425011906.9050 5180 UofM_Guest_
189441481137408 -84 32488815288 1425011906.9050 2437 UofM_
