47491268867 -54 32996613938 1425012414.6750 5785 UofM_Secure_
47491268873 -70 32996614011 1425012414.6750 5785 eduroam_
47491268869 -67 32996614007 1425012414.6750 5785 UofM_Guest_
47491268865 -68 32996614003 1425012414.6750 5785 UofM_
47491268864 -67 32996613958 1425012414.6750 2462 UofM_
47491268872 -70 32996613975 1425012414.6750 2462 eduroam_
47491268870 -69 32996613954 1425012414.6750 2462 _
47492007876 -80 32993139091 1425012414.6750 2412 UofM_Guest_
47492007880 -83 32993139099 1425012414.6750 2412 eduroam_
47492007872 -80 32993139087 1425012414.6750 2412 UofM_
47492007878 -80 32993139095 1425012414.6750 2412 _
47491473992 -79 32993139125 1425012414.6750 2437 eduroam_
47491268871 -70 32996614014 1425012414.6750 5785 _
47491473988 -76 32993139116 1425012414.6750 2437 UofM_Guest_
47491473984 -77 32993139107 1425012414.6750 2437 UofM_
47492007881 -70 32996613994 1425012414.6750 5220 eduroam_
47492007875 -72 32996613983 1425012414.6750 5220 UofM_Secure_
47491268866 -70 32996613962 1425012414.6750 2462 UofM_Secure_
47492007873 -72 32996613979 1425012414.6750 5220 UofM_
47492007877 -73 32996613990 1425012414.6750 5220 UofM_Guest_
47491268868 -66 32996613971 1425012414.6750 2462 UofM_Guest_
114896623892006 -83 32993139129 1425012414.6750 2437 NAO_
84207466584968 -88 32993139083 1425012414.6750 2412 eduroam_
47491473990 -77 32993139120 1425012414.6750 2437 _
84207466584960 -82 32993139071 1425012414.6750 2412 UofM_
84207466584966 -82 32993139079 1425012414.6750 2412 _
84207466584964 -85 32993139075 1425012414.6750 2412 UofM_Guest_
211938385015619 -86 32993139103 1425012414.6750 2437 viro2_
162797488891937 -78 32996613998 1425012414.6750 5765 Linksys19141_5GHz_
47491959240 -81 32996613950 1425012414.6750 2437 eduroam_
47491959232 -79 32996613941 1425012414.6750 2437 UofM_
47491959236 -80 32996613945 1425012414.6750 2437 UofM_Guest_
9354243434176 -81 32996613934 1425012414.6750 2437 UofM_
