189441481136064 -79 33303177654 1425012721.2370 2437 UofM_
189441481136070 -83 33299429628 1425012721.2370 2437 _
189441481136068 -78 33303177659 1425012721.2370 2437 UofM_Guest_
189441481136065 -81 33303177701 1425012721.2370 5765 UofM_
47491268867 -75 33303177708 1425012721.2370 5785 UofM_Secure_
47491268873 -75 33303177716 1425012721.2370 5785 eduroam_
47491268872 -76 33303177680 1425012721.2370 2462 eduroam_
47491268869 -74 33303177712 1425012721.2370 5785 UofM_Guest_
47491268865 -76 33303177705 1425012721.2370 5785 UofM_
47491268864 -76 33303177672 1425012721.2370 2462 UofM_
47491268868 -76 33303177665 1425012721.2370 2462 UofM_Guest_
47491272329 -74 33303177697 1425012721.2370 5745 eduroam_
47491272323 -77 33303177687 1425012721.2370 5745 UofM_Secure_
47491268866 -79 33303177676 1425012721.2370 2462 UofM_Secure_
47491272321 -76 33303177684 1425012721.2370 5745 UofM_
47491272325 -79 33303177692 1425012721.2370 5745 UofM_Guest_
47491268870 -80 33303177668 1425012721.2370 2462 _
