189441481136070 -78 32850981260 1425012273.1350 2437 _
189441481136068 -80 32850981254 1425012273.1350 2437 UofM_Guest_
189441481136072 -82 32855018829 1425012273.1350 2437 eduroam_
47491272328 -82 32855018806 1425012273.1350 2412 eduroam_
189441481136064 -80 32850981248 1425012273.1350 2437 UofM_
47491272320 -82 32855018787 1425012273.1350 2412 UofM_
47491272324 -82 32855018796 1425012273.1350 2412 UofM_Guest_
47491272326 -83 32855018801 1425012273.1350 2412 _
47491272323 -69 32855018906 1425012273.1350 5745 UofM_Secure_
47491268873 -70 32851761856 1425012273.1350 5785 eduroam_
47491268867 -69 32851761847 1425012273.1350 5785 UofM_Secure_
47491268872 -75 32855018852 1425012273.1350 2462 eduroam_
47491268865 -70 32851761844 1425012273.1350 5785 UofM_
47491268869 -67 32851761851 1425012273.1350 5785 UofM_Guest_
47491268868 -74 32855018861 1425012273.1350 2462 UofM_Guest_
47491268864 -77 32855018856 1425012273.1350 2462 UofM_
47491272322 -78 32855018791 1425012273.1350 2412 UofM_Secure_
47489366216 -88 32851761872 1425012273.1350 2412 eduroam_
47491268871 -70 32851761859 1425012273.1350 5785 _
47489366214 -86 32851761868 1425012273.1350 2412 _
47489366212 -88 32851761865 1425012273.1350 2412 UofM_Guest_
47489366208 -91 32855018782 1425012273.1350 2412 UofM_
47491272329 -71 32855018918 1425012273.1350 5745 eduroam_
47491271497 -77 32855018893 1425012273.1350 5220 eduroam_
47491271491 -77 32855018881 1425012273.1350 5220 UofM_Secure_
47491268866 -75 32855018871 1425012273.1350 2462 UofM_Secure_
47491271490 -76 32855018838 1425012273.1350 2437 UofM_Secure_
47491271496 -78 32855018824 1425012273.1350 2437 eduroam_
47491328712 -85 32855018820 1425012273.1350 2437 eduroam_
47491272321 -69 32855018900 1425012273.1350 5745 UofM_
47491272325 -70 32855018912 1425012273.1350 5745 UofM_Guest_
47491271493 -77 32855018887 1425012273.1350 5220 UofM_Guest_
47491271489 -77 32855018875 1425012273.1350 5220 UofM_
47491271488 -75 32855018834 1425012273.1350 2437 UofM_
47491271492 -76 32855018842 1425012273.1350 2437 UofM_Guest_
47491268870 -78 32855018866 1425012273.1350 2462 _
47491328708 -82 32855018810 1425012273.1350 2437 UofM_Guest_
47491328704 -84 32855018847 1425012273.1350 2437 UofM_
47491328710 -85 32855018816 1425012273.1350 2437 _
