47491268865 -70 32654376315 1425012078.3560 5785 UofM_
47491463108 -83 32654376188 1425012078.3560 2412 UofM_Guest_
47491463110 -82 32654376201 1425012078.3560 2412 _
47491463104 -82 32654376183 1425012078.3560 2412 UofM_
47491463106 -81 32654376207 1425012078.3560 2412 UofM_Secure_
47491463112 -86 32654376194 1425012078.3560 2412 eduroam_
47494398596 -80 32654376271 1425012078.3560 2462 UofM_Guest_
47491959240 -80 32654376230 1425012078.3560 2437 eduroam_
47491959236 -79 32654376213 1425012078.3560 2437 UofM_Guest_
47491959232 -80 32654376218 1425012078.3560 2437 UofM_
189441481136072 -82 32656788685 1425012078.3560 2437 eduroam_
47491959238 -80 32654376224 1425012078.3560 2437 _
47491268873 -69 32654376332 1425012078.3560 5785 eduroam_
47491268867 -73 32654376320 1425012078.3560 5785 UofM_Secure_
47491268869 -71 32654376326 1425012078.3560 5785 UofM_Guest_
47494398598 -81 32654376281 1425012078.3560 2462 _
47494398592 -78 32654376261 1425012078.3560 2462 UofM_
47491272329 -76 32660194884 1425012078.3560 5745 eduroam_
47491271496 -70 32660194800 1425012078.3560 2437 eduroam_
47491272321 -76 32660194868 1425012078.3560 5745 UofM_
47491271488 -70 32660194804 1425012078.3560 2437 UofM_
47491268872 -80 32660194836 1425012078.3560 2462 eduroam_
47491268866 -74 32656788705 1425012078.3560 2462 UofM_Secure_
47491272328 -80 32660194786 1425012078.3560 2412 eduroam_
47489366216 -87 32656788637 1425012078.3560 2412 eduroam_
47491268868 -79 32660194826 1425012078.3560 2462 UofM_Guest_
47491268870 -79 32660194831 1425012078.3560 2462 _
47491268864 -82 32660194821 1425012078.3560 2462 UofM_
189441481136068 -79 32656788673 1425012078.3560 2437 UofM_Guest_
47491271492 -69 32660194791 1425012078.3560 2437 UofM_Guest_
189441481136070 -81 32656788679 1425012078.3560 2437 _
189441481136064 -82 32656788667 1425012078.3560 2437 UofM_
47491272326 -80 32660194782 1425012078.3560 2412 _
47491272320 -78 32660194773 1425012078.3560 2412 UofM_
47489366208 -87 32656788616 1425012078.3560 2412 UofM_
47489366212 -88 32656788625 1425012078.3560 2412 UofM_Guest_
47489366214 -90 32656788631 1425012078.3560 2412 _
47491271497 -72 32660194857 1425012078.3560 5220 eduroam_
47491271491 -73 32660194846 1425012078.3560 5220 UofM_Secure_
47491271490 -70 32660194808 1425012078.3560 2437 UofM_Secure_
47491272323 -76 32660194874 1425012078.3560 5745 UofM_Secure_
47491271495 -69 32660194863 1425012078.3560 5220 _
47491271489 -73 32660194841 1425012078.3560 5220 UofM_
47491271493 -73 32660194852 1425012078.3560 5220 UofM_Guest_
47491272327 -77 32660194889 1425012078.3560 5745 _
47491272325 -77 32660194879 1425012078.3560 5745 UofM_Guest_
47491271494 -76 32660194795 1425012078.3560 2437 _
47491272324 -81 32660194778 1425012078.3560 2412 UofM_Guest_
47491328708 -83 32660194817 1425012078.3560 2437 UofM_Guest_
47491328704 -84 32660194812 1425012078.3560 2437 UofM_
