47491268864 -68 33195115179 1425012613.1750 2462 UofM_
47491268873 -71 33195115223 1425012613.1750 5785 eduroam_
47491271496 -65 33183074011 1425012613.1750 2437 eduroam_
47491271494 -69 33183074003 1425012613.1750 2437 _
47491271488 -68 33183073981 1425012613.1750 2437 UofM_
47491271492 -67 33183073996 1425012613.1750 2437 UofM_Guest_
47491271497 -67 33183074019 1425012613.1750 5220 eduroam_
47491271491 -68 33183074034 1425012613.1750 5220 UofM_Secure_
47491271489 -69 33183074026 1425012613.1750 5220 UofM_
47491271493 -69 33183074042 1425012613.1750 5220 UofM_Guest_
47491272322 -78 33182701647 1425012613.1750 2412 UofM_Secure_
47491272328 -85 33195115176 1425012613.1750 2412 eduroam_
47491328705 -78 33174628703 1425012613.1750 5785 UofM_
47491272324 -82 33195115170 1425012613.1750 2412 UofM_Guest_
47491272326 -83 33195115173 1425012613.1750 2412 _
47491272320 -83 33195115167 1425012613.1750 2412 UofM_
189441478940488 -89 33182701666 1425012613.1750 2412 eduroam_
189441478940484 -85 33182701635 1425012613.1750 2412 UofM_Guest_
189441478940480 -86 33182701625 1425012613.1750 2412 UofM_
47491271490 -67 33183073989 1425012613.1750 2437 UofM_Secure_
47491268867 -72 33195115215 1425012613.1750 5785 UofM_Secure_
189441481136067 -78 33195115200 1425012613.1750 5765 UofM_Secure_
189441481136073 -79 33195115207 1425012613.1750 5765 eduroam_
189441481136066 -76 33195115193 1425012613.1750 2437 UofM_Secure_
189441481136072 -78 33195115190 1425012613.1750 2437 eduroam_
47489366216 -87 33195115164 1425012613.1750 2412 eduroam_
47491268865 -71 33195115211 1425012613.1750 5785 UofM_
47491268869 -71 33195115219 1425012613.1750 5785 UofM_Guest_
189441481136069 -76 33195115203 1425012613.1750 5765 UofM_Guest_
47491268871 -76 33195115226 1425012613.1750 5785 _
189441481136068 -78 33195115184 1425012613.1750 2437 UofM_Guest_
189441481136070 -81 33195115187 1425012613.1750 2437 _
189441481136064 -83 33195115182 1425012613.1750 2437 UofM_
47489366212 -87 33195115161 1425012613.1750 2412 UofM_Guest_
47489366208 -88 33195115157 1425012613.1750 2412 UofM_
47494398596 -90 33195115197 1425012613.1750 2462 UofM_Guest_
