47491272328 -81 32722096285 1425012142.9920 2412 eduroam_
47491272326 -82 32722096281 1425012142.9920 2412 _
47491272320 -85 32722096271 1425012142.9920 2412 UofM_
47491272324 -79 32722096276 1425012142.9920 2412 UofM_Guest_
189441481136065 -82 32722096333 1425012142.9920 5765 UofM_
189441481136069 -80 32722096327 1425012142.9920 5765 UofM_Guest_
189441481136068 -70 32722096291 1425012142.9920 2437 UofM_Guest_
189441481136072 -84 32724890389 1425012142.9920 2437 eduroam_
189441481136064 -76 32722096322 1425012142.9920 2437 UofM_
189441481136070 -73 32722096297 1425012142.9920 2437 _
47491959240 -76 32724890425 1425012142.9920 2437 eduroam_
47491959234 -77 32724890409 1425012142.9920 2437 UofM_Secure_
47491959232 -73 32724890399 1425012142.9920 2437 UofM_
47491959236 -73 32724890419 1425012142.9920 2437 UofM_Guest_
47491959238 -77 32724890433 1425012142.9920 2437 _
47491463112 -87 32724890381 1425012142.9920 2412 eduroam_
47494398592 -84 32724890440 1425012142.9920 2462 UofM_
47491463104 -85 32724890372 1425012142.9920 2412 UofM_
47491463108 -85 32724890349 1425012142.9920 2412 UofM_Guest_
47491463110 -88 32724890363 1425012142.9920 2412 _
