47492007872 -85 33622352577 1425013040.4150 2412 UofM_
47492007880 -84 33622352596 1425013040.4150 2412 eduroam_
47492007876 -85 33622352586 1425013040.4150 2412 UofM_Guest_
162797488891936 -67 33622352663 1425013040.4150 2437 viro-geni-2_
47491268868 -68 33622352692 1425013040.4150 2462 UofM_Guest_
47491268867 -77 33622352826 1425013040.4150 5785 UofM_Secure_
47491268873 -70 33618660996 1425013040.4150 5785 eduroam_
47491268869 -70 33618660993 1425013040.4150 5785 UofM_Guest_
47491268865 -71 33618660984 1425013040.4150 5785 UofM_
47492007881 -79 33622352804 1425013040.4150 5220 eduroam_
47492007877 -76 33622352794 1425013040.4150 5220 UofM_Guest_
84207466584962 -82 33618660978 1425013040.4150 2412 UofM_Secure_
211938385015055 -84 33622352656 1425013040.4150 2437 viro-geni-1_
47493331337 -77 33622352713 1425013040.4150 5180 eduroam_
47491268872 -71 33622352707 1425013040.4150 2462 eduroam_
47493331329 -80 33622352719 1425013040.4150 5180 UofM_
47491268864 -67 33622352679 1425013040.4150 2462 UofM_
47491268870 -69 33622352697 1425013040.4150 2462 _
47491269576 -88 33622352632 1425013040.4150 2412 eduroam_
47492007878 -78 33618660867 1425013040.4150 2412 _
47492007873 -80 33622352783 1425013040.4150 5220 UofM_
47491269568 -83 33622352605 1425013040.4150 2412 UofM_
47491269572 -84 33622352626 1425013040.4150 2412 UofM_Guest_
47491269574 -84 33622352648 1425013040.4150 2412 _
47493331331 -80 33622352771 1425013040.4150 5180 UofM_Secure_
47492007874 -75 33618660858 1425013040.4150 2412 UofM_Secure_
47492007875 -80 33622352789 1425013040.4150 5220 UofM_Secure_
47491268866 -73 33622352685 1425013040.4150 2462 UofM_Secure_
47491473992 -77 33618660903 1425013040.4150 2437 eduroam_
211938385015607 -77 33622352671 1425013040.4150 2437 HS-HOME-NET_
47493331333 -78 33622352777 1425013040.4150 5180 UofM_Guest_
47491473988 -78 33618660900 1425013040.4150 2437 UofM_Guest_
47491473984 -79 33618660896 1425013040.4150 2437 UofM_
47491473990 -81 33618660907 1425013040.4150 2437 _
162797488891937 -76 33622352814 1425013040.4150 5765 Linksys19141_5GHz_
47491269570 -81 33622352615 1425013040.4150 2412 UofM_Secure_
2297084420154 -81 33622352640 1425013040.4150 2412 DIRECT-_
