189441481136067 -70 33220702420 1425012644.5110 5765 UofM_Secure_
47494398596 -84 33226443533 1425012644.5110 2462 UofM_Guest_
189441481136066 -78 33224284865 1425012644.5110 2437 UofM_Secure_
189441481136064 -81 33224284855 1425012644.5110 2437 UofM_
189441481136072 -81 33224284868 1425012644.5110 2437 eduroam_
47494398600 -86 33226443539 1425012644.5110 2462 eduroam_
189441481136070 -87 33226443518 1425012644.5110 2437 _
47494398592 -85 33226443525 1425012644.5110 2462 UofM_
47491959240 -80 33226443507 1425012644.5110 2437 eduroam_
47491463112 -85 33226443475 1425012644.5110 2412 eduroam_
47491959236 -76 33226443490 1425012644.5110 2437 UofM_Guest_
47491959238 -78 33226443499 1425012644.5110 2437 _
47491959232 -79 33226443483 1425012644.5110 2437 UofM_
47491463108 -82 33226443466 1425012644.5110 2412 UofM_Guest_
47491463104 -86 33226443455 1425012644.5110 2412 UofM_
