189441481136064 -83 33328224631 1425012746.2840 2437 UofM_
189441481136070 -83 33328224599 1425012746.2840 2437 _
189441481136068 -76 33324638898 1425012746.2840 2437 UofM_Guest_
47491272329 -76 33324638961 1425012746.2840 5745 eduroam_
189441481136073 -79 33328224640 1425012746.2840 5765 eduroam_
189441481136072 -84 33328224604 1425012746.2840 2437 eduroam_
47491272328 -80 33328224594 1425012746.2840 2412 eduroam_
189441481136069 -79 33328224635 1425012746.2840 5765 UofM_Guest_
47491272324 -80 33328224588 1425012746.2840 2412 UofM_Guest_
47491272320 -82 33328224584 1425012746.2840 2412 UofM_
47491268873 -59 33328224661 1425012746.2840 5785 eduroam_
47491268867 -62 33328224651 1425012746.2840 5785 UofM_Secure_
47491268872 -81 33328224622 1425012746.2840 2462 eduroam_
47491268869 -61 33328224656 1425012746.2840 5785 UofM_Guest_
47491268865 -64 33328224647 1425012746.2840 5785 UofM_
47491268871 -67 33328224665 1425012746.2840 5785 _
47491268864 -81 33328224608 1425012746.2840 2462 UofM_
47491268868 -79 33328224613 1425012746.2840 2462 UofM_Guest_
47491268870 -79 33328224617 1425012746.2840 2462 _
47491268866 -76 33328224626 1425012746.2840 2462 UofM_Secure_
