189441481136064 -57 33321059388 1425012739.1180 2437 UofM_
189441481136070 -68 33321059394 1425012739.1180 2437 _
189441481136068 -71 33321059391 1425012739.1180 2437 UofM_Guest_
189441481136065 -71 33321059416 1425012739.1180 5765 UofM_
47491272329 -62 33317487700 1425012739.1180 5745 eduroam_
47491272323 -77 33321059413 1425012739.1180 5745 UofM_Secure_
47491272321 -76 33321059410 1425012739.1180 5745 UofM_
47491272325 -63 33317487694 1425012739.1180 5745 UofM_Guest_
189441481136067 -70 33321059419 1425012739.1180 5765 UofM_Secure_
189441481136073 -71 33321059425 1425012739.1180 5765 eduroam_
189441481136072 -65 33321059397 1425012739.1180 2437 eduroam_
189441481136066 -62 33317487655 1425012739.1180 2437 UofM_Secure_
47491272328 -70 33321059385 1425012739.1180 2412 eduroam_
189441481136069 -68 33321059422 1425012739.1180 5765 UofM_Guest_
47491272324 -69 33321059380 1425012739.1180 2412 UofM_Guest_
47491272320 -70 33321059377 1425012739.1180 2412 UofM_
47491272326 -71 33321059382 1425012739.1180 2412 _
47491268873 -75 33321059437 1425012739.1180 5785 eduroam_
47491268867 -76 33321059431 1425012739.1180 5785 UofM_Secure_
47491268872 -87 33321059407 1425012739.1180 2462 eduroam_
47491268869 -76 33321059434 1425012739.1180 5785 UofM_Guest_
47491268865 -77 33321059428 1425012739.1180 5785 UofM_
47491268871 -79 33321059440 1425012739.1180 5785 _
47491268864 -86 33317487667 1425012739.1180 2462 UofM_
47491268868 -83 33321059400 1425012739.1180 2462 UofM_Guest_
47491951748 -88 33317487679 1425012739.1180 2462 UofM_Guest_
47491268870 -84 33321059403 1425012739.1180 2462 _
