47491272320 -80 33380043930 1425012798.1010 2412 UofM_
47491271488 -66 33380043948 1425012798.1010 2437 UofM_
189441481136067 -78 33362505666 1425012798.1010 5765 UofM_Secure_
47491271496 -71 33380043959 1425012798.1010 2437 eduroam_
47491271492 -71 33380043952 1425012798.1010 2437 UofM_Guest_
47491271491 -77 33380043985 1425012798.1010 5220 UofM_Secure_
47491271497 -75 33380043996 1425012798.1010 5220 eduroam_
47491271490 -78 33376761108 1425012798.1010 2437 UofM_Secure_
47491271493 -77 33380043989 1425012798.1010 5220 UofM_Guest_
47491271494 -68 33380043956 1425012798.1010 2437 _
47491272329 -80 33380044018 1425012798.1010 5745 eduroam_
47491272323 -80 33380044010 1425012798.1010 5745 UofM_Secure_
47491272322 -77 33380043935 1425012798.1010 2412 UofM_Secure_
47491272328 -79 33380043944 1425012798.1010 2412 eduroam_
47491268872 -87 33380043973 1425012798.1010 2462 eduroam_
47491271495 -73 33380043999 1425012798.1010 5220 _
47491271489 -76 33380043981 1425012798.1010 5220 UofM_
47491272325 -81 33380044014 1425012798.1010 5745 UofM_Guest_
47491272321 -83 33380044004 1425012798.1010 5745 UofM_
47491272324 -81 33380043938 1425012798.1010 2412 UofM_Guest_
47491272326 -81 33380043941 1425012798.1010 2412 _
47491268868 -83 33380043970 1425012798.1010 2462 UofM_Guest_
47491328710 -84 33380043963 1425012798.1010 2437 _
47491268870 -87 33380043977 1425012798.1010 2462 _
47491268864 -87 33380043967 1425012798.1010 2462 UofM_
