162797488891936 -88 33080285017 1425012498.3470 2437 viro-geni-2_
47492007874 -77 33076677701 1425012498.3470 2412 UofM_Secure_
84207466584968 -80 33080284996 1425012498.3470 2412 eduroam_
84207466584960 -77 33080284978 1425012498.3470 2412 UofM_
84207466584964 -80 33080284987 1425012498.3470 2412 UofM_Guest_
84207466584966 -82 33080284992 1425012498.3470 2412 _
114896623892006 -71 33080285028 1425012498.3470 2437 NAO_
47491959240 -70 33080285012 1425012498.3470 2437 eduroam_
47491959238 -67 33080285008 1425012498.3470 2437 _
47491959236 -69 33080285004 1425012498.3470 2437 UofM_Guest_
47491959232 -78 33080285000 1425012498.3470 2437 UofM_
189441481137416 -87 33080285025 1425012498.3470 2437 eduroam_
47491460546 -76 33080285038 1425012498.3470 2462 UofM_Secure_
47491460552 -83 33080285046 1425012498.3470 2462 eduroam_
189441481137412 -80 33076677713 1425012498.3470 2437 UofM_Guest_
189441481137408 -77 33076677705 1425012498.3470 2437 UofM_
47491460548 -80 33080285042 1425012498.3470 2462 UofM_Guest_
47491460550 -84 33080285049 1425012498.3470 2462 _
47491460544 -81 33080285034 1425012498.3470 2462 UofM_
47491959235 -75 33080285056 1425012498.3470 5180 UofM_Secure_
47491959241 -75 33080285062 1425012498.3470 5180 eduroam_
189441481137410 -78 33076677709 1425012498.3470 2437 UofM_Secure_
47491959233 -75 33080285052 1425012498.3470 5180 UofM_
47491959237 -75 33080285059 1425012498.3470 5180 UofM_Guest_
189441478786244 -83 33080284962 1425012498.3470 2412 UofM_Guest_
189441478786240 -81 33080284957 1425012498.3470 2412 UofM_
189441478786246 -82 33080284967 1425012498.3470 2412 _
47492007880 -81 33080284950 1425012498.3470 2412 eduroam_
189441478786248 -83 33080284973 1425012498.3470 2412 eduroam_
47492007872 -82 33080284937 1425012498.3470 2412 UofM_
47492007878 -83 33080284946 1425012498.3470 2412 _
47492007876 -83 33080284942 1425012498.3470 2412 UofM_Guest_
189441481137414 -88 33080285021 1425012498.3470 2437 _
