47491268864 -80 33198663998 1425012616.7240 2462 UofM_
47491268873 -77 33198664028 1425012616.7240 5785 eduroam_
47491272328 -85 33195115176 1425012616.7240 2412 eduroam_
47491272324 -82 33195115170 1425012616.7240 2412 UofM_Guest_
47491272326 -83 33195115173 1425012616.7240 2412 _
47491272320 -83 33195115167 1425012616.7240 2412 UofM_
47491268867 -78 33198664038 1425012616.7240 5785 UofM_Secure_
189441481136067 -81 33198664018 1425012616.7240 5765 UofM_Secure_
189441481136073 -79 33195115207 1425012616.7240 5765 eduroam_
189441481136066 -76 33195115193 1425012616.7240 2437 UofM_Secure_
189441481136072 -78 33195115190 1425012616.7240 2437 eduroam_
47489366216 -87 33195115164 1425012616.7240 2412 eduroam_
47491268865 -80 33198664033 1425012616.7240 5785 UofM_
47491268869 -78 33198664023 1425012616.7240 5785 UofM_Guest_
189441481136069 -76 33195115203 1425012616.7240 5765 UofM_Guest_
47491268871 -76 33195115226 1425012616.7240 5785 _
189441481136068 -78 33195115184 1425012616.7240 2437 UofM_Guest_
189441481136070 -81 33195115187 1425012616.7240 2437 _
189441481136064 -83 33195115182 1425012616.7240 2437 UofM_
47489366212 -87 33195115161 1425012616.7240 2412 UofM_Guest_
47489366208 -88 33195115157 1425012616.7240 2412 UofM_
47494398596 -90 33195115197 1425012616.7240 2462 UofM_Guest_
47491959240 -83 33198663984 1425012616.7240 2437 eduroam_
47491268872 -85 33198664014 1425012616.7240 2462 eduroam_
47491959236 -82 33198663965 1425012616.7240 2437 UofM_Guest_
47491959238 -84 33198663973 1425012616.7240 2437 _
47491959232 -84 33198663988 1425012616.7240 2437 UofM_
47491268868 -85 33198664009 1425012616.7240 2462 UofM_Guest_
47491268870 -89 33198664003 1425012616.7240 2462 _
