47491272328 -76 32925041768 1425012343.1020 2412 eduroam_
47491272320 -76 32925041753 1425012343.1020 2412 UofM_
47491272324 -74 32925041759 1425012343.1020 2412 UofM_Guest_
47491272326 -76 32925041763 1425012343.1020 2412 _
47491272322 -73 32925041788 1425012343.1020 2412 UofM_Secure_
47491272329 -77 32921495029 1425012343.1020 5745 eduroam_
47491272323 -80 32921495021 1425012343.1020 5745 UofM_Secure_
47491272325 -76 32921495025 1425012343.1020 5745 UofM_Guest_
47491272321 -78 32921495017 1425012343.1020 5745 UofM_
47491271496 -80 32925041782 1425012343.1020 2437 eduroam_
47491271492 -79 32925041799 1425012343.1020 2437 UofM_Guest_
47491271494 -81 32925041777 1425012343.1020 2437 _
47491271488 -79 32925041773 1425012343.1020 2437 UofM_
47491271497 -78 32925041822 1425012343.1020 5220 eduroam_
47491271491 -77 32925041810 1425012343.1020 5220 UofM_Secure_
47491271489 -77 32925041804 1425012343.1020 5220 UofM_
47491271493 -76 32925041815 1425012343.1020 5220 UofM_Guest_
47491271490 -70 32925041793 1425012343.1020 2437 UofM_Secure_
