189441481136064 -64 33292244425 1425012710.3030 2437 UofM_
189441481136072 -59 33292244434 1425012710.3030 2437 eduroam_
189441481136070 -66 33292244438 1425012710.3030 2437 _
189441481136068 -60 33292244429 1425012710.3030 2437 UofM_Guest_
189441481136067 -71 33292244488 1425012710.3030 5765 UofM_Secure_
189441481136073 -72 33292244507 1425012710.3030 5765 eduroam_
189441481136069 -72 33292244497 1425012710.3030 5765 UofM_Guest_
189441481136065 -72 33292244483 1425012710.3030 5765 UofM_
47491272329 -76 33292244473 1425012710.3030 5745 eduroam_
47491272323 -76 33292244462 1425012710.3030 5745 UofM_Secure_
47491272328 -65 33292244421 1425012710.3030 2412 eduroam_
47491272325 -77 33292244468 1425012710.3030 5745 UofM_Guest_
47491272327 -78 33292244478 1425012710.3030 5745 _
47491272321 -75 33292244457 1425012710.3030 5745 UofM_
47491272320 -85 33288674272 1425012710.3030 2412 UofM_
47491272324 -65 33292244416 1425012710.3030 2412 UofM_Guest_
47491272326 -74 33288674255 1425012710.3030 2412 _
189441481136071 -73 33292244502 1425012710.3030 5765 _
47494398596 -85 33292244448 1425012710.3030 2462 UofM_Guest_
47494398592 -88 33292244443 1425012710.3030 2462 UofM_
47494398598 -90 33292244452 1425012710.3030 2462 _
