47491272328 -72 32914446440 1425012336.0230 2412 eduroam_
47491272320 -70 32914446429 1425012336.0230 2412 UofM_
47491272324 -62 32917964590 1425012336.0230 2412 UofM_Guest_
47491272326 -64 32917964594 1425012336.0230 2412 _
47491272322 -64 32917964598 1425012336.0230 2412 UofM_Secure_
47491272329 -70 32917964649 1425012336.0230 5745 eduroam_
47491272323 -70 32917964640 1425012336.0230 5745 UofM_Secure_
47491272325 -70 32917964645 1425012336.0230 5745 UofM_Guest_
47491272327 -71 32917964653 1425012336.0230 5745 _
47491272321 -70 32917964636 1425012336.0230 5745 UofM_
189441481136067 -76 32914446458 1425012336.0230 5765 UofM_Secure_
189441481136073 -76 32914446464 1425012336.0230 5765 eduroam_
189441481136069 -74 32914446461 1425012336.0230 5765 UofM_Guest_
189441481136065 -75 32914446455 1425012336.0230 5765 UofM_
189441481136072 -79 32917964627 1425012336.0230 2437 eduroam_
47491271496 -81 32917964617 1425012336.0230 2437 eduroam_
189441481136064 -73 32917964602 1425012336.0230 2437 UofM_
189441481136070 -79 32917964621 1425012336.0230 2437 _
47491271492 -81 32917964610 1425012336.0230 2437 UofM_Guest_
47491271494 -83 32917964614 1425012336.0230 2437 _
47491271488 -83 32917964605 1425012336.0230 2437 UofM_
189441481136068 -83 32917964632 1425012336.0230 2437 UofM_Guest_
