47492007872 -83 32557864466 1425011986.4520 2412 UofM_
84207466584968 -90 32556644401 1425011986.4520 2412 eduroam_
84207466584964 -88 32557864462 1425011986.4520 2412 UofM_Guest_
84207466584960 -89 32556644392 1425011986.4520 2412 UofM_
47492007880 -82 32557864483 1425011986.4520 2412 eduroam_
47492007876 -80 32557864475 1425011986.4520 2412 UofM_Guest_
162797488891936 -81 32556644431 1425011986.4520 2437 viro-geni-2_
47491268873 -69 32568374386 1425011986.4520 5785 eduroam_
47491268867 -69 32568374375 1425011986.4520 5785 UofM_Secure_
47491268872 -79 32568374365 1425011986.4520 2462 eduroam_
47491268869 -67 32568374380 1425011986.4520 5785 UofM_Guest_
47491268865 -67 32568374344 1425011986.4520 5785 UofM_
47491268870 -76 32568374360 1425011986.4520 2462 _
211938385015607 -87 32556644436 1425011986.4520 2437 HS-HOME-NET_
47492007878 -82 32557864479 1425011986.4520 2412 _
47491268871 -70 32568374392 1425011986.4520 5785 _
47491268866 -74 32568374370 1425011986.4520 2462 UofM_Secure_
47491268424 -81 32556644470 1425011986.4520 2462 eduroam_
47492007874 -80 32557864470 1425011986.4520 2412 UofM_Secure_
47491268868 -69 32568374354 1425011986.4520 2462 UofM_Guest_
47491268864 -71 32568374349 1425011986.4520 2462 UofM_
47491268416 -82 32556644457 1425011986.4520 2462 UofM_
47491268420 -84 32556644461 1425011986.4520 2462 UofM_Guest_
47491473988 -84 32556644427 1425011986.4520 2437 UofM_Guest_
47491268422 -85 32556644465 1425011986.4520 2462 _
189441478786242 -79 32568374318 1425011986.4520 2412 UofM_Secure_
189441478786248 -87 32568374330 1425011986.4520 2412 eduroam_
47491959232 -77 32568374339 1425011986.4520 2437 UofM_
189441478786246 -83 32568374326 1425011986.4520 2412 _
189441478786240 -85 32568374313 1425011986.4520 2412 UofM_
189441478786244 -86 32568374322 1425011986.4520 2412 UofM_Guest_
47491473984 -86 32568374335 1425011986.4520 2437 UofM_
