47491272328 -85 33450121032 1425012871.8180 2412 eduroam_
47491272321 -79 33450121040 1425012871.8180 5745 UofM_
47491272324 -85 33450121022 1425012871.8180 2412 UofM_Guest_
47491272326 -84 33450121027 1425012871.8180 2412 _
189441481136065 -81 33453717774 1425012871.8180 5765 UofM_
189441481136064 -81 33453342801 1425012871.8180 2437 UofM_
189441481136072 -77 33453342837 1425012871.8180 2437 eduroam_
189441481136068 -82 33453717814 1425012871.8180 2437 UofM_Guest_
189441481136070 -82 33453342832 1425012871.8180 2437 _
47494398600 -83 33453717803 1425012871.8180 2462 eduroam_
47494398596 -81 33453717790 1425012871.8180 2462 UofM_Guest_
47494398598 -82 33453717796 1425012871.8180 2462 _
47491959236 -79 33453717825 1425012871.8180 2437 UofM_Guest_
47491959238 -80 33453717831 1425012871.8180 2437 _
189441481136066 -80 33453717808 1425012871.8180 2437 UofM_Secure_
47494398592 -82 33453717783 1425012871.8180 2462 UofM_
47491959240 -78 33453717836 1425012871.8180 2437 eduroam_
47491959232 -77 33453717820 1425012871.8180 2437 UofM_
