189441481136067 -78 33248177372 1425012666.2340 5765 UofM_Secure_
189441481136064 -72 33248177377 1425012666.2340 2437 UofM_
189441481136072 -74 33248177393 1425012666.2340 2437 eduroam_
189441481136070 -74 33248177380 1425012666.2340 2437 _
189441481136073 -80 33244631029 1425012666.2340 5765 eduroam_
189441481136069 -79 33244631026 1425012666.2340 5765 UofM_Guest_
189441481136068 -76 33248177388 1425012666.2340 2437 UofM_Guest_
189441481136065 -79 33244631033 1425012666.2340 5765 UofM_
47491272320 -76 33244631002 1425012666.2340 2412 UofM_
47491272324 -75 33244631005 1425012666.2340 2412 UofM_Guest_
47491272326 -75 33244631007 1425012666.2340 2412 _
