47491272320 -70 33391105625 1425012809.1650 2412 UofM_
47491272329 -67 33391105670 1425012809.1650 5745 eduroam_
47491272323 -68 33391105662 1425012809.1650 5745 UofM_Secure_
47491272328 -71 33391105638 1425012809.1650 2412 eduroam_
47491272325 -69 33391105666 1425012809.1650 5745 UofM_Guest_
47491272321 -64 33391105642 1425012809.1650 5745 UofM_
47491272324 -69 33391105629 1425012809.1650 2412 UofM_Guest_
47491272326 -71 33391105634 1425012809.1650 2412 _
189441481136073 -68 33391105690 1425012809.1650 5765 eduroam_
189441481136067 -69 33391105682 1425012809.1650 5765 UofM_Secure_
47491272327 -66 33391105674 1425012809.1650 5745 _
189441481136065 -69 33391105679 1425012809.1650 5765 UofM_
189441481136069 -71 33391105687 1425012809.1650 5765 UofM_Guest_
189441481136072 -75 33391105658 1425012809.1650 2437 eduroam_
189441481136064 -74 33391105647 1425012809.1650 2437 UofM_
189441481136068 -76 33391105653 1425012809.1650 2437 UofM_Guest_
