47491268873 -73 33534577842 1425012952.6420 5785 eduroam_
47491268867 -75 33534577833 1425012952.6420 5785 UofM_Secure_
47491268869 -74 33534577837 1425012952.6420 5785 UofM_Guest_
47491268865 -66 33534577794 1425012952.6420 5785 UofM_
47491473984 -70 33531097888 1425012952.6420 2437 UofM_
47492007872 -73 33534577777 1425012952.6420 2412 UofM_
47492007881 -67 33534577828 1425012952.6420 5220 eduroam_
47492007875 -67 33534577821 1425012952.6420 5220 UofM_Secure_
47492007877 -69 33534577825 1425012952.6420 5220 UofM_Guest_
47492007873 -67 33534577817 1425012952.6420 5220 UofM_
47491328708 -83 33531097882 1425012952.6420 2437 UofM_Guest_
47492007880 -75 33534577787 1425012952.6420 2412 eduroam_
47491328712 -86 33531097885 1425012952.6420 2437 eduroam_
47491473988 -74 33531097894 1425012952.6420 2437 UofM_Guest_
47492007876 -75 33534577780 1425012952.6420 2412 UofM_Guest_
47492007878 -76 33534577783 1425012952.6420 2412 _
47491328704 -80 33531097879 1425012952.6420 2437 UofM_
47491959236 -79 33531097871 1425012952.6420 2437 UofM_Guest_
47492007874 -76 33531097847 1425012952.6420 2412 UofM_Secure_
211938385015607 -87 33534577798 1425012952.6420 2437 HS-HOME-NET_
84207466584968 -82 33534577773 1425012952.6420 2412 eduroam_
84207466584960 -86 33534577765 1425012952.6420 2412 UofM_
84207466584964 -84 33534577769 1425012952.6420 2412 UofM_Guest_
47491473986 -72 33531097891 1425012952.6420 2437 UofM_Secure_
47491473992 -75 33531097897 1425012952.6420 2437 eduroam_
47491268872 -71 33534577813 1425012952.6420 2462 eduroam_
47491959240 -79 33531097877 1425012952.6420 2437 eduroam_
47491268424 -90 33531097914 1425012952.6420 2462 eduroam_
47491959232 -80 33531097868 1425012952.6420 2437 UofM_
47491959238 -80 33531097874 1425012952.6420 2437 _
47491268416 -84 33531097906 1425012952.6420 2462 UofM_
47491272324 -89 33531097859 1425012952.6420 2412 UofM_Guest_
47491268420 -89 33531097909 1425012952.6420 2462 UofM_Guest_
47491268422 -89 33531097912 1425012952.6420 2462 _
47491268864 -69 33534577802 1425012952.6420 2462 UofM_
47491268868 -71 33534577805 1425012952.6420 2462 UofM_Guest_
47491268870 -71 33534577809 1425012952.6420 2462 _
189441478786246 -90 33534577790 1425012952.6420 2412 _
