47491272320 -80 33436227534 1425012854.2880 2412 UofM_
47491272329 -74 33436227558 1425012854.2880 5745 eduroam_
47491272323 -72 33436227552 1425012854.2880 5745 UofM_Secure_
47491272328 -79 33436227543 1425012854.2880 2412 eduroam_
47491272325 -71 33436227555 1425012854.2880 5745 UofM_Guest_
47491272321 -61 33436227549 1425012854.2880 5745 UofM_
47491272324 -78 33436227537 1425012854.2880 2412 UofM_Guest_
47491272326 -80 33436227540 1425012854.2880 2412 _
189441481136073 -40 33436227571 1425012854.2880 5765 eduroam_
189441481136067 -41 33436227564 1425012854.2880 5765 UofM_Secure_
189441481136065 -39 33436227561 1425012854.2880 5765 UofM_
189441481136069 -41 33436227567 1425012854.2880 5765 UofM_Guest_
189441481136064 -51 33436227525 1425012854.2880 2437 UofM_
189441481136072 -48 33436227531 1425012854.2880 2437 eduroam_
189441481136068 -52 33436227546 1425012854.2880 2437 UofM_Guest_
189441481136070 -56 33436227528 1425012854.2880 2437 _
47491272327 -63 33432765908 1425012854.2880 5745 _
189441481136071 -41 33436227574 1425012854.2880 5765 _
