47492007872 -86 33623190963 1425013041.2980 2412 UofM_
47492007880 -85 33623190954 1425013041.2980 2412 eduroam_
47492007876 -84 33623190946 1425013041.2980 2412 UofM_Guest_
162797488891936 -71 33622870216 1425013041.2980 2437 viro-geni-2_
47491268868 -68 33622352692 1425013041.2980 2462 UofM_Guest_
47491268867 -77 33622352826 1425013041.2980 5785 UofM_Secure_
47492007881 -79 33622352804 1425013041.2980 5220 eduroam_
47492007877 -76 33622352794 1425013041.2980 5220 UofM_Guest_
84207466584962 -82 33618660978 1425013041.2980 2412 UofM_Secure_
211938385015055 -81 33622870206 1425013041.2980 2437 viro-geni-1_
47493331337 -77 33622352713 1425013041.2980 5180 eduroam_
47491268872 -71 33622352707 1425013041.2980 2462 eduroam_
47493331329 -80 33622352719 1425013041.2980 5180 UofM_
47491268864 -67 33622352679 1425013041.2980 2462 UofM_
47491268870 -69 33622352697 1425013041.2980 2462 _
47491269576 -77 33623190942 1425013041.2980 2412 eduroam_
47492007873 -80 33622352783 1425013041.2980 5220 UofM_
47491269568 -79 33623190931 1425013041.2980 2412 UofM_
47491269572 -77 33623190939 1425013041.2980 2412 UofM_Guest_
47491269574 -76 33623190958 1425013041.2980 2412 _
47493331331 -80 33622352771 1425013041.2980 5180 UofM_Secure_
47492007875 -80 33622352789 1425013041.2980 5220 UofM_Secure_
47491268866 -73 33622352685 1425013041.2980 2462 UofM_Secure_
211938385015607 -63 33622870237 1425013041.2980 2437 HS-HOME-NET_
47493331333 -78 33622352777 1425013041.2980 5180 UofM_Guest_
162797488891937 -76 33622352814 1425013041.2980 5765 Linksys19141_5GHz_
47491269570 -78 33623190935 1425013041.2980 2412 UofM_Secure_
2297084420154 -81 33622352640 1425013041.2980 2412 DIRECT-_
211938385015619 -75 33622870225 1425013041.2980 2437 viro2_
47492007878 -84 33623190950 1425013041.2980 2412 _
