47491272329 -75 32670269976 1425012088.3300 5745 eduroam_
47491271496 -68 32670269912 1425012088.3300 2437 eduroam_
47491272321 -70 32670269952 1425012088.3300 5745 UofM_
47491271488 -64 32670269887 1425012088.3300 2437 UofM_
47491268872 -80 32666658768 1425012088.3300 2462 eduroam_
47491272328 -76 32670269883 1425012088.3300 2412 eduroam_
47491271492 -66 32670269893 1425012088.3300 2437 UofM_Guest_
47491272326 -80 32670269878 1425012088.3300 2412 _
47491272320 -76 32670269857 1425012088.3300 2412 UofM_
47491271497 -76 32670269919 1425012088.3300 5220 eduroam_
47491271491 -76 32670269938 1425012088.3300 5220 UofM_Secure_
47491271490 -61 32666658709 1425012088.3300 2437 UofM_Secure_
47491272323 -71 32670269958 1425012088.3300 5745 UofM_Secure_
47491271495 -60 32666658800 1425012088.3300 5220 _
47491271489 -75 32670269931 1425012088.3300 5220 UofM_
47491271493 -75 32670269945 1425012088.3300 5220 UofM_Guest_
47491272327 -72 32670269983 1425012088.3300 5745 _
47491272325 -72 32670269967 1425012088.3300 5745 UofM_Guest_
47491271494 -67 32670269901 1425012088.3300 2437 _
47491272324 -75 32670269873 1425012088.3300 2412 UofM_Guest_
189441478940488 -86 32666658691 1425012088.3300 2412 eduroam_
189441478940486 -85 32666658683 1425012088.3300 2412 _
189441478940480 -86 32666658667 1425012088.3300 2412 UofM_
189441478940484 -88 32666658674 1425012088.3300 2412 UofM_Guest_
47491272322 -73 32670269864 1425012088.3300 2412 UofM_Secure_
