47491959238 -84 33509745276 1425012942.2220 2437 _
47491268873 -75 33524155956 1425012942.2220 5785 eduroam_
47491268867 -74 33524155946 1425012942.2220 5785 UofM_Secure_
47491268869 -73 33524155951 1425012942.2220 5785 UofM_Guest_
47491268865 -67 33524155925 1425012942.2220 5785 UofM_
47491268872 -69 33509745291 1425012942.2220 2462 eduroam_
47491268871 -70 33524155962 1425012942.2220 5785 _
47491959241 -78 33506798631 1425012942.2220 5180 eduroam_
47491959235 -77 33509745312 1425012942.2220 5180 UofM_Secure_
47491268864 -67 33509745296 1425012942.2220 2462 UofM_
47491268868 -70 33509745281 1425012942.2220 2462 UofM_Guest_
47491268870 -69 33509745287 1425012942.2220 2462 _
47491959233 -76 33509745307 1425012942.2220 5180 UofM_
47491959237 -76 33509745316 1425012942.2220 5180 UofM_Guest_
47491959239 -78 33506798634 1425012942.2220 5180 _
47491473984 -81 33524155932 1425012942.2220 2437 UofM_
47492007872 -81 33524155858 1425012942.2220 2412 UofM_
47492007881 -74 33509745333 1425012942.2220 5220 eduroam_
47492007875 -74 33509745324 1425012942.2220 5220 UofM_Secure_
47491268866 -71 33509745302 1425012942.2220 2462 UofM_Secure_
9354243434184 -78 33509745259 1425012942.2220 2437 eduroam_
47492007877 -73 33509745329 1425012942.2220 5220 UofM_Guest_
47492007873 -73 33509745320 1425012942.2220 5220 UofM_
47492007879 -77 33509745337 1425012942.2220 5220 _
9354243434182 -83 33509745265 1425012942.2220 2437 _
47491328708 -86 33524155908 1425012942.2220 2437 UofM_Guest_
84207466584966 -89 33509745243 1425012942.2220 2412 _
47492007880 -82 33524155876 1425012942.2220 2412 eduroam_
47491328712 -84 33524155914 1425012942.2220 2437 eduroam_
162797488891936 -84 33524155921 1425012942.2220 2437 viro-geni-2_
47491473988 -80 33524155937 1425012942.2220 2437 UofM_Guest_
47492007876 -83 33524155863 1425012942.2220 2412 UofM_Guest_
47492007878 -84 33524155868 1425012942.2220 2412 _
47491328704 -86 33524155897 1425012942.2220 2437 UofM_
47491959236 -88 33524155888 1425012942.2220 2437 UofM_Guest_
