47491268864 -87 33205764238 1425012628.5830 2462 UofM_
189441481136067 -73 33210431067 1425012628.5830 5765 UofM_Secure_
189441481136073 -73 33210431078 1425012628.5830 5765 eduroam_
189441481136069 -74 33210431072 1425012628.5830 5765 UofM_Guest_
189441481136068 -81 33209328463 1425012628.5830 2437 UofM_Guest_
47491959240 -82 33210154509 1425012628.5830 2437 eduroam_
47491959236 -82 33210431092 1425012628.5830 2437 UofM_Guest_
47491959238 -84 33210431104 1425012628.5830 2437 _
47491959232 -83 33210431085 1425012628.5830 2437 UofM_
189441481136065 -73 33210431062 1425012628.5830 5765 UofM_
47491463110 -88 33209328444 1425012628.5830 2412 _
47494398596 -85 33209328468 1425012628.5830 2462 UofM_Guest_
189441481136066 -74 33209328458 1425012628.5830 2437 UofM_Secure_
71145876123144 -89 33209328477 1425012628.5830 2462 eduroam_
189441481136064 -79 33210154484 1425012628.5830 2437 UofM_
71145876123140 -89 33209328473 1425012628.5830 2462 UofM_Guest_
189441481136072 -82 33210154472 1425012628.5830 2437 eduroam_
