189441481136072 -70 32769407561 1425012187.4730 2437 eduroam_
189441481136064 -64 32769407535 1425012187.4730 2437 UofM_
189441481136070 -67 32769407555 1425012187.4730 2437 _
189441481136067 -67 32769407529 1425012187.4730 5765 UofM_Secure_
189441481136073 -79 32769407611 1425012187.4730 5765 eduroam_
189441481136068 -70 32769407549 1425012187.4730 2437 UofM_Guest_
47491272323 -71 32765862975 1425012187.4730 5745 UofM_Secure_
189441481136069 -77 32769407605 1425012187.4730 5765 UofM_Guest_
189441481136065 -80 32769407597 1425012187.4730 5765 UofM_
189441481136071 -70 32765863003 1425012187.4730 5765 _
47491272321 -72 32765862969 1425012187.4730 5745 UofM_
47491272329 -71 32765862984 1425012187.4730 5745 eduroam_
189441481136066 -68 32769407542 1425012187.4730 2437 UofM_Secure_
47491272322 -79 32765862914 1425012187.4730 2412 UofM_Secure_
47491272328 -71 32769407522 1425012187.4730 2412 eduroam_
47494398600 -78 32769407580 1425012187.4730 2462 eduroam_
47491272325 -72 32765862979 1425012187.4730 5745 UofM_Guest_
47491272320 -70 32769407483 1425012187.4730 2412 UofM_
47491272324 -70 32769407490 1425012187.4730 2412 UofM_Guest_
47491272326 -71 32769407496 1425012187.4730 2412 _
47494398592 -76 32769407567 1425012187.4730 2462 UofM_
47494398596 -77 32769407592 1425012187.4730 2462 UofM_Guest_
47494398594 -81 32769407586 1425012187.4730 2462 UofM_Secure_
47494398598 -79 32769407573 1425012187.4730 2462 _
