47491268873 -46 32610013164 1425012028.0730 5785 eduroam_
47491268867 -46 32610013154 1425012028.0730 5785 UofM_Secure_
47491268869 -48 32610013159 1425012028.0730 5785 UofM_Guest_
47491268865 -47 32610013066 1425012028.0730 5785 UofM_
47491268870 -52 32606554303 1425012028.0730 2462 _
47491268868 -50 32606554298 1425012028.0730 2462 UofM_Guest_
47491268872 -55 32610013110 1425012028.0730 2462 eduroam_
47491268864 -53 32606554293 1425012028.0730 2462 UofM_
47491268871 -57 32606554327 1425012028.0730 5785 _
47491271490 -77 32606554277 1425012028.0730 2437 UofM_Secure_
47491271496 -77 32610013086 1425012028.0730 2437 eduroam_
47491959240 -73 32610013091 1425012028.0730 2437 eduroam_
47491959232 -79 32610013071 1425012028.0730 2437 UofM_
47491959236 -74 32610013076 1425012028.0730 2437 UofM_Guest_
47491271492 -75 32610013100 1425012028.0730 2437 UofM_Guest_
47491959238 -76 32610013081 1425012028.0730 2437 _
47491271494 -76 32610013105 1425012028.0730 2437 _
47491959235 -76 32610013119 1425012028.0730 5180 UofM_Secure_
47491271491 -79 32610013139 1425012028.0730 5220 UofM_Secure_
47491959241 -80 32610013129 1425012028.0730 5180 eduroam_
47491271497 -82 32610013149 1425012028.0730 5220 eduroam_
47491959233 -76 32610013114 1425012028.0730 5180 UofM_
47491959237 -78 32610013124 1425012028.0730 5180 UofM_Guest_
47491271488 -74 32610013096 1425012028.0730 2437 UofM_
47491271489 -80 32610013134 1425012028.0730 5220 UofM_
47491271493 -81 32610013144 1425012028.0730 5220 UofM_Guest_
