47491272320 -84 32968597807 1425012386.6770 2412 UofM_
47491272324 -88 32967609778 1425012386.6770 2412 UofM_Guest_
47491272322 -79 32964050379 1425012386.6770 2412 UofM_Secure_
189441481136070 -83 32967609782 1425012386.6770 2437 _
47491268867 -59 32967609810 1425012386.6770 5785 UofM_Secure_
47491268873 -62 32967609818 1425012386.6770 5785 eduroam_
47491268869 -61 32967609814 1425012386.6770 5785 UofM_Guest_
47491268865 -63 32967609806 1425012386.6770 5785 UofM_
47491268868 -66 32968597848 1425012386.6770 2462 UofM_Guest_
47491268864 -67 32968597836 1425012386.6770 2462 UofM_
47491268872 -68 32968597861 1425012386.6770 2462 eduroam_
47491268866 -68 32968597843 1425012386.6770 2462 UofM_Secure_
47491268870 -67 32968597854 1425012386.6770 2462 _
47494398600 -73 32968597824 1425012386.6770 2462 eduroam_
47491463112 -86 32968597801 1425012386.6770 2412 eduroam_
47494398596 -73 32968597812 1425012386.6770 2462 UofM_Guest_
47494398598 -73 32968597817 1425012386.6770 2462 _
47494398592 -74 32968597831 1425012386.6770 2462 UofM_
47491463108 -81 32968597692 1425012386.6770 2412 UofM_Guest_
47491463104 -82 32968597627 1425012386.6770 2412 UofM_
47491463110 -83 32968597697 1425012386.6770 2412 _
