47491272328 -64 32956943196 1425012375.0060 2412 eduroam_
47491272320 -64 32956943176 1425012375.0060 2412 UofM_
47491272324 -63 32956943186 1425012375.0060 2412 UofM_Guest_
47491272326 -66 32956943191 1425012375.0060 2412 _
47491272322 -62 32956943181 1425012375.0060 2412 UofM_Secure_
47491272329 -65 32956943268 1425012375.0060 5745 eduroam_
47491272323 -69 32956943257 1425012375.0060 5745 UofM_Secure_
47491272325 -65 32956943263 1425012375.0060 5745 UofM_Guest_
47491272321 -70 32956943253 1425012375.0060 5745 UofM_
189441481136073 -64 32956943291 1425012375.0060 5765 eduroam_
189441481136067 -63 32956943277 1425012375.0060 5765 UofM_Secure_
189441481136069 -64 32956943284 1425012375.0060 5765 UofM_Guest_
189441481136065 -64 32956943273 1425012375.0060 5765 UofM_
189441481136072 -59 32956943215 1425012375.0060 2437 eduroam_
189441481136068 -58 32956943202 1425012375.0060 2437 UofM_Guest_
189441481136070 -56 32956943207 1425012375.0060 2437 _
189441481136064 -59 32956943220 1425012375.0060 2437 UofM_
47491272327 -71 32953394305 1425012375.0060 5745 _
189441481136071 -61 32953394325 1425012375.0060 5765 _
189441481136066 -62 32956943228 1425012375.0060 2437 UofM_Secure_
47491268867 -74 32956943303 1425012375.0060 5785 UofM_Secure_
47491268873 -75 32956943318 1425012375.0060 5785 eduroam_
47491268872 -84 32956943239 1425012375.0060 2462 eduroam_
47491268869 -73 32956943311 1425012375.0060 5785 UofM_Guest_
47491268865 -74 32956943297 1425012375.0060 5785 UofM_
47491268871 -77 32956943323 1425012375.0060 5785 _
47491268868 -86 32956943234 1425012375.0060 2462 UofM_Guest_
47491268864 -88 32956943246 1425012375.0060 2462 UofM_
