47491268873 -77 33538057005 1425012956.1170 5785 eduroam_
47491268867 -77 33538056992 1425012956.1170 5785 UofM_Secure_
47491268869 -77 33538056998 1425012956.1170 5785 UofM_Guest_
47491268865 -64 33538056892 1425012956.1170 5785 UofM_
47492007872 -78 33538056897 1425012956.1170 2412 UofM_
47492007881 -74 33538056986 1425012956.1170 5220 eduroam_
47492007875 -74 33538056976 1425012956.1170 5220 UofM_Secure_
47492007877 -73 33538056981 1425012956.1170 5220 UofM_Guest_
47492007873 -75 33538056971 1425012956.1170 5220 UofM_
47492007880 -73 33538056886 1425012956.1170 2412 eduroam_
47492007876 -75 33538056902 1425012956.1170 2412 UofM_Guest_
47492007878 -72 33538056880 1425012956.1170 2412 _
211938385015607 -83 33538056918 1425012956.1170 2437 HS-HOME-NET_
84207466584968 -86 33538056875 1425012956.1170 2412 eduroam_
84207466584960 -82 33538056857 1425012956.1170 2412 UofM_
84207466584964 -84 33538056869 1425012956.1170 2412 UofM_Guest_
47491268872 -82 33538056943 1425012956.1170 2462 eduroam_
47491268864 -85 33538056929 1425012956.1170 2462 UofM_
47491268868 -81 33538056933 1425012956.1170 2462 UofM_Guest_
47491268870 -84 33538056939 1425012956.1170 2462 _
189441478786246 -90 33534577790 1425012956.1170 2412 _
162797488891936 -73 33538056924 1425012956.1170 2437 viro-geni-2_
114896623892006 -77 33538056912 1425012956.1170 2437 NAO_
84207466584962 -82 33538056862 1425012956.1170 2412 UofM_Secure_
47493331336 -86 33538056960 1425012956.1170 2462 eduroam_
211938385015055 -87 33538056908 1425012956.1170 2437 viro-geni-1_
47493331334 -87 33538056955 1425012956.1170 2462 _
47493331328 -88 33538056949 1425012956.1170 2462 UofM_
47493331332 -90 33538056966 1425012956.1170 2462 UofM_Guest_
