47491272329 -78 32715001843 1425012133.0640 5745 eduroam_
47491272321 -76 32715001827 1425012133.0640 5745 UofM_
47491272328 -69 32715001777 1425012133.0640 2412 eduroam_
47491272326 -67 32715001772 1425012133.0640 2412 _
47491272320 -67 32715001768 1425012133.0640 2412 UofM_
47491272323 -76 32715001832 1425012133.0640 5745 UofM_Secure_
47491272325 -76 32715001837 1425012133.0640 5745 UofM_Guest_
47491272324 -69 32711462684 1425012133.0640 2412 UofM_Guest_
189441481136067 -66 32715001853 1425012133.0640 5765 UofM_Secure_
189441481136073 -65 32715001862 1425012133.0640 5765 eduroam_
189441481136065 -66 32715001847 1425012133.0640 5765 UofM_
189441481136069 -69 32715001857 1425012133.0640 5765 UofM_Guest_
189441481136068 -51 32715001781 1425012133.0640 2437 UofM_Guest_
47491272322 -70 32711462680 1425012133.0640 2412 UofM_Secure_
189441481136072 -59 32715001796 1425012133.0640 2437 eduroam_
189441481136064 -59 32715001786 1425012133.0640 2437 UofM_
189441481136070 -57 32715001792 1425012133.0640 2437 _
47494398600 -83 32715001822 1425012133.0640 2462 eduroam_
47494398596 -78 32715001812 1425012133.0640 2462 UofM_Guest_
47494398592 -79 32715001801 1425012133.0640 2462 UofM_
189441481136071 -71 32715001866 1425012133.0640 5765 _
47494398598 -79 32715001817 1425012133.0640 2462 _
189441481136066 -54 32711462710 1425012133.0640 2437 UofM_Secure_
47494398594 -81 32715001807 1425012133.0640 2462 UofM_Secure_
