47491268867 -56 32982669364 1425012400.7310 5785 UofM_Secure_
47491268873 -67 32982669414 1425012400.7310 5785 eduroam_
47491268869 -68 32982669410 1425012400.7310 5785 UofM_Guest_
47491268865 -65 32982669406 1425012400.7310 5785 UofM_
47491268868 -59 32979151698 1425012400.7310 2462 UofM_Guest_
47491268864 -66 32982669382 1425012400.7310 2462 UofM_
47491268872 -65 32982669393 1425012400.7310 2462 eduroam_
47491268870 -66 32982669390 1425012400.7310 2462 _
47491271496 -79 32979151694 1425012400.7310 2437 eduroam_
47491959240 -78 32982669378 1425012400.7310 2437 eduroam_
47491959236 -77 32982669371 1425012400.7310 2437 UofM_Guest_
47491271492 -77 32979151687 1425012400.7310 2437 UofM_Guest_
47491959238 -78 32982669375 1425012400.7310 2437 _
47491271488 -77 32979151680 1425012400.7310 2437 UofM_
47491959232 -80 32982669368 1425012400.7310 2437 UofM_
47491271497 -79 32979151715 1425012400.7310 5220 eduroam_
47491271490 -74 32979151684 1425012400.7310 2437 UofM_Secure_
47491271489 -82 32979151720 1425012400.7310 5220 UofM_
47491271494 -80 32979151691 1425012400.7310 2437 _
47492007876 -84 32982669352 1425012400.7310 2412 UofM_Guest_
47492007874 -82 32979151646 1425012400.7310 2412 UofM_Secure_
47492007880 -84 32982669359 1425012400.7310 2412 eduroam_
47492007872 -86 32982669348 1425012400.7310 2412 UofM_
47492007878 -83 32982669355 1425012400.7310 2412 _
47491473992 -78 32982669403 1425012400.7310 2437 eduroam_
47491268871 -68 32982669417 1425012400.7310 5785 _
47491473988 -78 32982669396 1425012400.7310 2437 UofM_Guest_
47491473990 -78 32982669399 1425012400.7310 2437 _
