162797488891936 -81 33125794069 1425012543.8590 2437 viro-geni-2_
84207466584968 -84 33125794055 1425012543.8590 2412 eduroam_
84207466584960 -84 33125794046 1425012543.8590 2412 UofM_
84207466584966 -86 33125794058 1425012543.8590 2412 _
47492007872 -74 33125794060 1425012543.8590 2412 UofM_
47491268870 -83 33125794078 1425012543.8590 2462 _
47491268868 -83 33125794075 1425012543.8590 2462 UofM_Guest_
47491268864 -81 33125794072 1425012543.8590 2462 UofM_
47491268872 -84 33125794081 1425012543.8590 2462 eduroam_
211938385015607 -86 33122253479 1425012543.8590 2437 HS-HOME-NET_
211938385015619 -75 33125794066 1425012543.8590 2437 viro2_
47491268867 -64 33125794092 1425012543.8590 5785 UofM_Secure_
47491268873 -64 33125794098 1425012543.8590 5785 eduroam_
47491473986 -75 33122253476 1425012543.8590 2437 UofM_Secure_
47491473992 -81 33122253472 1425012543.8590 2437 eduroam_
47491268869 -66 33125794095 1425012543.8590 5785 UofM_Guest_
47491268865 -65 33125794088 1425012543.8590 5785 UofM_
47491473988 -81 33122253464 1425012543.8590 2437 UofM_Guest_
47491473984 -81 33122253461 1425012543.8590 2437 UofM_
47491473990 -85 33122253468 1425012543.8590 2437 _
47491328704 -82 33122253486 1425012543.8590 2437 UofM_
162797488891937 -80 33125794084 1425012543.8590 5765 Linksys19141_5GHz_
47492007880 -79 33125794040 1425012543.8590 2412 eduroam_
84207466584962 -81 33125794049 1425012543.8590 2412 UofM_Secure_
114896623892006 -81 33125794063 1425012543.8590 2437 NAO_
2297084420154 -79 33125794043 1425012543.8590 2412 DIRECT-_
47491268871 -66 33125794101 1425012543.8590 5785 _
47492007876 -78 33125794034 1425012543.8590 2412 UofM_Guest_
47492007878 -79 33125794037 1425012543.8590 2412 _
84207466584964 -82 33125794052 1425012543.8590 2412 UofM_Guest_
