47491268864 -83 33202215795 1425012620.2820 2462 UofM_
47491268873 -77 33198664028 1425012620.2820 5785 eduroam_
47491268867 -78 33198664038 1425012620.2820 5785 UofM_Secure_
189441481136067 -76 33202215835 1425012620.2820 5765 UofM_Secure_
189441481136073 -75 33202215856 1425012620.2820 5765 eduroam_
189441481136072 -71 33202215769 1425012620.2820 2437 eduroam_
47491268865 -80 33198664033 1425012620.2820 5785 UofM_
47491268869 -78 33198664023 1425012620.2820 5785 UofM_Guest_
189441481136069 -75 33202215845 1425012620.2820 5765 UofM_Guest_
189441481136068 -70 33202215759 1425012620.2820 2437 UofM_Guest_
189441481136070 -78 33202215764 1425012620.2820 2437 _
47491959240 -79 33202215789 1425012620.2820 2437 eduroam_
47491268872 -85 33198664014 1425012620.2820 2462 eduroam_
47491959236 -77 33202215785 1425012620.2820 2437 UofM_Guest_
47491959238 -84 33198663973 1425012620.2820 2437 _
47491959232 -78 33202215774 1425012620.2820 2437 UofM_
47491268868 -85 33198664009 1425012620.2820 2462 UofM_Guest_
47491268870 -89 33198664003 1425012620.2820 2462 _
47491959241 -80 33202215807 1425012620.2820 5180 eduroam_
47491959234 -77 33202215779 1425012620.2820 2437 UofM_Secure_
47491959235 -82 33202215802 1425012620.2820 5180 UofM_Secure_
47491463112 -82 33202215754 1425012620.2820 2412 eduroam_
47491463106 -83 33202215743 1425012620.2820 2412 UofM_Secure_
189441481136065 -77 33202215829 1425012620.2820 5765 UofM_
47491959233 -82 33202215813 1425012620.2820 5180 UofM_
47491959237 -82 33202215820 1425012620.2820 5180 UofM_Guest_
47491463108 -81 33202215748 1425012620.2820 2412 UofM_Guest_
47491463104 -83 33202215719 1425012620.2820 2412 UofM_
