47492007872 -77 33611519387 1425013033.1470 2412 UofM_
47492007880 -72 33615085162 1425013033.1470 2412 eduroam_
47492007876 -71 33615085154 1425013033.1470 2412 UofM_Guest_
162797488891936 -78 33615085174 1425013033.1470 2437 viro-geni-2_
47491268868 -80 33615085187 1425013033.1470 2462 UofM_Guest_
47491268867 -72 33615085227 1425013033.1470 5785 UofM_Secure_
47491268873 -71 33615085237 1425013033.1470 5785 eduroam_
114896623892006 -75 33611519400 1425013033.1470 2437 NAO_
47491268869 -71 33615085233 1425013033.1470 5785 UofM_Guest_
47491268865 -71 33615085222 1425013033.1470 5785 UofM_
47492007881 -78 33615085218 1425013033.1470 5220 eduroam_
84207466584968 -70 33611519379 1425013033.1470 2412 eduroam_
84207466584964 -72 33611519364 1425013033.1470 2412 UofM_Guest_
84207466584960 -70 33611519348 1425013033.1470 2412 UofM_
47492007877 -78 33615085215 1425013033.1470 5220 UofM_Guest_
84207466584966 -69 33611519371 1425013033.1470 2412 _
47493331336 -86 33615085208 1425013033.1470 2462 eduroam_
84207466584962 -76 33615085166 1425013033.1470 2412 UofM_Secure_
47493331332 -86 33615085201 1425013033.1470 2462 UofM_Guest_
211938385015055 -84 33615085178 1425013033.1470 2437 viro-geni-1_
47493331337 -82 33611519474 1425013033.1470 5180 eduroam_
47491268872 -82 33615085195 1425013033.1470 2462 eduroam_
47493331329 -77 33611519458 1425013033.1470 5180 UofM_
47493331335 -81 33611519466 1425013033.1470 5180 _
47491268864 -79 33615085184 1425013033.1470 2462 UofM_
47491268870 -82 33615085191 1425013033.1470 2462 _
47493331334 -85 33615085205 1425013033.1470 2462 _
47491269576 -87 33615085150 1425013033.1470 2412 eduroam_
47492007878 -71 33615085158 1425013033.1470 2412 _
47492007873 -81 33615085212 1425013033.1470 5220 UofM_
211938385015619 -80 33615085170 1425013033.1470 2437 viro2_
47493331328 -85 33615085198 1425013033.1470 2462 UofM_
47491269568 -86 33615085139 1425013033.1470 2412 UofM_
47491269572 -87 33615085143 1425013033.1470 2412 UofM_Guest_
47491269574 -90 33615085147 1425013033.1470 2412 _
