189441481136064 -71 33295834026 1425012713.8970 2437 UofM_
189441481136072 -69 33295834047 1425012713.8970 2437 eduroam_
189441481136070 -73 33295834040 1425012713.8970 2437 _
189441481136068 -77 33295834033 1425012713.8970 2437 UofM_Guest_
189441481136067 -80 33295834071 1425012713.8970 5765 UofM_Secure_
189441481136073 -78 33295834067 1425012713.8970 5765 eduroam_
189441481136069 -79 33295834062 1425012713.8970 5765 UofM_Guest_
189441481136065 -81 33295834057 1425012713.8970 5765 UofM_
47491272329 -76 33292244473 1425012713.8970 5745 eduroam_
47491272323 -76 33292244462 1425012713.8970 5745 UofM_Secure_
47491272328 -80 33295834017 1425012713.8970 2412 eduroam_
47491272325 -77 33292244468 1425012713.8970 5745 UofM_Guest_
47491272327 -78 33292244478 1425012713.8970 5745 _
47491272321 -75 33292244457 1425012713.8970 5745 UofM_
47491272320 -78 33295833988 1425012713.8970 2412 UofM_
47491272324 -77 33295834000 1425012713.8970 2412 UofM_Guest_
47491272326 -79 33295834013 1425012713.8970 2412 _
189441481136071 -73 33292244502 1425012713.8970 5765 _
47494398596 -85 33292244448 1425012713.8970 2462 UofM_Guest_
47494398592 -88 33292244443 1425012713.8970 2462 UofM_
47494398598 -90 33292244452 1425012713.8970 2462 _
189441481136066 -70 33295834051 1425012713.8970 2437 UofM_Secure_
47491272322 -76 33295833994 1425012713.8970 2412 UofM_Secure_
