47491272328 -81 32935707966 1425012353.7690 2412 eduroam_
47491272320 -81 32932147952 1425012353.7690 2412 UofM_
47491272324 -79 32932147956 1425012353.7690 2412 UofM_Guest_
47491272326 -79 32935707960 1425012353.7690 2412 _
47491272322 -66 32935707971 1425012353.7690 2412 UofM_Secure_
47491272329 -64 32935708050 1425012353.7690 5745 eduroam_
47491272323 -70 32935708033 1425012353.7690 5745 UofM_Secure_
47491272325 -64 32935708038 1425012353.7690 5745 UofM_Guest_
47491272321 -68 32935708027 1425012353.7690 5745 UofM_
47491271496 -73 32935707995 1425012353.7690 2437 eduroam_
47491271492 -70 32935707984 1425012353.7690 2437 UofM_Guest_
47491271494 -72 32935707989 1425012353.7690 2437 _
47491271488 -71 32935707977 1425012353.7690 2437 UofM_
47491271497 -76 32935708015 1425012353.7690 5220 eduroam_
47491271491 -76 32935708005 1425012353.7690 5220 UofM_Secure_
47491271489 -75 32935708000 1425012353.7690 5220 UofM_
47491271493 -75 32935708010 1425012353.7690 5220 UofM_Guest_
47491271490 -67 32932148009 1425012353.7690 2437 UofM_Secure_
189441478940483 -77 32932148057 1425012353.7690 5785 UofM_Secure_
189441478940489 -79 32932148061 1425012353.7690 5785 eduroam_
189441478940482 -79 32932147947 1425012353.7690 2412 UofM_Secure_
189441478940488 -84 32932147938 1425012353.7690 2412 eduroam_
189441478940486 -87 32935707954 1425012353.7690 2412 _
189441478940484 -83 32932147927 1425012353.7690 2412 UofM_Guest_
189441478940480 -88 32935707949 1425012353.7690 2412 UofM_
47491272327 -66 32935708045 1425012353.7690 5745 _
47491271495 -78 32935708020 1425012353.7690 5220 _
