47492007872 -77 33611519387 1425013029.5870 2412 UofM_
47492007880 -77 33611519393 1425013029.5870 2412 eduroam_
47492007876 -78 33607962807 1425013029.5870 2412 UofM_Guest_
162797488891936 -70 33611519414 1425013029.5870 2437 viro-geni-2_
47491268868 -81 33611519425 1425013029.5870 2462 UofM_Guest_
47492007874 -76 33607962776 1425013029.5870 2412 UofM_Secure_
47491268867 -76 33611519506 1425013029.5870 5785 UofM_Secure_
47491268873 -72 33611519520 1425013029.5870 5785 eduroam_
114896623892006 -75 33611519400 1425013029.5870 2437 NAO_
47491268869 -73 33611519512 1425013029.5870 5785 UofM_Guest_
47491268865 -72 33611519485 1425013029.5870 5785 UofM_
47492007881 -80 33611519480 1425013029.5870 5220 eduroam_
84207466584968 -70 33611519379 1425013029.5870 2412 eduroam_
84207466584964 -72 33611519364 1425013029.5870 2412 UofM_Guest_
84207466584960 -70 33611519348 1425013029.5870 2412 UofM_
47492007877 -82 33607962869 1425013029.5870 5220 UofM_Guest_
84207466584966 -69 33611519371 1425013029.5870 2412 _
47491959240 -83 33607962826 1425013029.5870 2437 eduroam_
47491460552 -86 33607962856 1425013029.5870 2462 eduroam_
47493331336 -86 33611519445 1425013029.5870 2462 eduroam_
84207466584962 -69 33611519356 1425013029.5870 2412 UofM_Secure_
47491460550 -85 33607962852 1425013029.5870 2462 _
47491460548 -84 33607962847 1425013029.5870 2462 UofM_Guest_
189441481137416 -82 33607962835 1425013029.5870 2437 eduroam_
47491959232 -81 33607962822 1425013029.5870 2437 UofM_
189441481137414 -81 33607962843 1425013029.5870 2437 _
189441481137412 -81 33607962830 1425013029.5870 2437 UofM_Guest_
189441481137408 -81 33607962839 1425013029.5870 2437 UofM_
47493331332 -86 33607962860 1425013029.5870 2462 UofM_Guest_
211938385015055 -75 33611519408 1425013029.5870 2437 viro-geni-1_
47493331337 -82 33611519474 1425013029.5870 5180 eduroam_
47491268872 -80 33611519438 1425013029.5870 2462 eduroam_
47493331329 -77 33611519458 1425013029.5870 5180 UofM_
47493331335 -81 33611519466 1425013029.5870 5180 _
47491268864 -78 33611519420 1425013029.5870 2462 UofM_
47491268870 -81 33611519431 1425013029.5870 2462 _
47493331334 -82 33611519451 1425013029.5870 2462 _
