47491272328 -55 32953394273 1425012371.4530 2412 eduroam_
47491272320 -56 32953394258 1425012371.4530 2412 UofM_
47491272324 -57 32953394262 1425012371.4530 2412 UofM_Guest_
47491272326 -56 32953394270 1425012371.4530 2412 _
47491272322 -57 32953394276 1425012371.4530 2412 UofM_Secure_
47491272329 -66 32953394301 1425012371.4530 5745 eduroam_
47491272323 -68 32953394295 1425012371.4530 5745 UofM_Secure_
47491272325 -66 32953394298 1425012371.4530 5745 UofM_Guest_
47491272321 -69 32953394292 1425012371.4530 5745 UofM_
189441481136073 -57 32953394322 1425012371.4530 5765 eduroam_
189441481136067 -57 32953394315 1425012371.4530 5765 UofM_Secure_
189441481136069 -57 32953394318 1425012371.4530 5765 UofM_Guest_
189441481136065 -58 32953394310 1425012371.4530 5765 UofM_
189441481136072 -64 32953394288 1425012371.4530 2437 eduroam_
189441481136068 -66 32953394282 1425012371.4530 2437 UofM_Guest_
189441481136070 -64 32953394285 1425012371.4530 2437 _
189441481136064 -69 32953394279 1425012371.4530 2437 UofM_
47491272327 -71 32953394305 1425012371.4530 5745 _
189441481136071 -61 32953394325 1425012371.4530 5765 _
