47491959238 -84 33509745276 1425012927.8290 2437 _
47491268873 -60 33506798647 1425012927.8290 5785 eduroam_
47491268867 -57 33506798640 1425012927.8290 5785 UofM_Secure_
47491271496 -79 33506798597 1425012927.8290 2437 eduroam_
47491271490 -79 33506798615 1425012927.8290 2437 UofM_Secure_
47491268869 -60 33506798644 1425012927.8290 5785 UofM_Guest_
47491268865 -59 33506798637 1425012927.8290 5785 UofM_
47491959232 -80 33506798563 1425012927.8290 2437 UofM_
47491268872 -69 33509745291 1425012927.8290 2462 eduroam_
47491959240 -71 33506798573 1425012927.8290 2437 eduroam_
47491268871 -65 33506798667 1425012927.8290 5785 _
47491959236 -70 33506798566 1425012927.8290 2437 UofM_Guest_
47491959241 -78 33506798631 1425012927.8290 5180 eduroam_
47491959235 -77 33509745312 1425012927.8290 5180 UofM_Secure_
47491959234 -77 33506798577 1425012927.8290 2437 UofM_Secure_
47491268864 -67 33509745296 1425012927.8290 2462 UofM_
47491268868 -70 33509745281 1425012927.8290 2462 UofM_Guest_
47491268870 -69 33509745287 1425012927.8290 2462 _
47491959233 -76 33509745307 1425012927.8290 5180 UofM_
47491959237 -76 33509745316 1425012927.8290 5180 UofM_Guest_
47491271494 -78 33506798594 1425012927.8290 2437 _
9354243434185 -75 33506798663 1425012927.8290 5785 eduroam_
9354243434179 -75 33506798654 1425012927.8290 5785 UofM_Secure_
47491473986 -74 33506798583 1425012927.8290 2437 UofM_Secure_
47491473992 -77 33506798589 1425012927.8290 2437 eduroam_
9354243434183 -75 33506798660 1425012927.8290 5785 _
9354243434181 -76 33506798657 1425012927.8290 5785 UofM_Guest_
9354243434177 -77 33506798650 1425012927.8290 5785 UofM_
47491959239 -78 33506798634 1425012927.8290 5180 _
47491473984 -83 33509745251 1425012927.8290 2437 UofM_
47491473988 -76 33506798586 1425012927.8290 2437 UofM_Guest_
47492007872 -87 33506798559 1425012927.8290 2412 UofM_
47492007881 -74 33509745333 1425012927.8290 5220 eduroam_
47492007875 -74 33509745324 1425012927.8290 5220 UofM_Secure_
47491268866 -71 33509745302 1425012927.8290 2462 UofM_Secure_
9354243434184 -78 33509745259 1425012927.8290 2437 eduroam_
47492007877 -73 33509745329 1425012927.8290 5220 UofM_Guest_
47492007873 -73 33509745320 1425012927.8290 5220 UofM_
47492007879 -77 33509745337 1425012927.8290 5220 _
9354243434182 -83 33509745265 1425012927.8290 2437 _
47491328708 -83 33509745270 1425012927.8290 2437 UofM_Guest_
84207466584966 -89 33509745243 1425012927.8290 2412 _
