47491268867 -62 32986165745 1425012404.2310 5785 UofM_Secure_
47491268873 -68 32986165764 1425012404.2310 5785 eduroam_
47491268869 -67 32986165757 1425012404.2310 5785 UofM_Guest_
47491268865 -71 32986165751 1425012404.2310 5785 UofM_
47491268864 -66 32982669382 1425012404.2310 2462 UofM_
47491268872 -65 32982669393 1425012404.2310 2462 eduroam_
47491268870 -66 32982669390 1425012404.2310 2462 _
47491959240 -78 32982669378 1425012404.2310 2437 eduroam_
47491959236 -77 32982669371 1425012404.2310 2437 UofM_Guest_
47491959238 -78 32982669375 1425012404.2310 2437 _
47491959232 -80 32982669368 1425012404.2310 2437 UofM_
47492007876 -81 32986165678 1425012404.2310 2412 UofM_Guest_
47492007880 -81 32986165685 1425012404.2310 2412 eduroam_
47492007872 -82 32986165673 1425012404.2310 2412 UofM_
47492007878 -81 32986165682 1425012404.2310 2412 _
47491473992 -82 32986165718 1425012404.2310 2437 eduroam_
47491268871 -70 32986165771 1425012404.2310 5785 _
47491473988 -82 32986165711 1425012404.2310 2437 UofM_Guest_
47491473990 -78 32982669399 1425012404.2310 2437 _
47491473986 -75 32986165703 1425012404.2310 2437 UofM_Secure_
47491328712 -85 32986165690 1425012404.2310 2437 eduroam_
47491473984 -84 32986165696 1425012404.2310 2437 UofM_
