47491272328 -73 32960485952 1425012382.1140 2412 eduroam_
47491272320 -86 32964050349 1425012382.1140 2412 UofM_
47491272324 -85 32964050354 1425012382.1140 2412 UofM_Guest_
47491272326 -86 32964050359 1425012382.1140 2412 _
47491272322 -79 32964050379 1425012382.1140 2412 UofM_Secure_
47491272329 -76 32960485996 1425012382.1140 5745 eduroam_
47491272323 -75 32960485987 1425012382.1140 5745 UofM_Secure_
47491272325 -80 32964050393 1425012382.1140 5745 UofM_Guest_
47491272321 -76 32960485982 1425012382.1140 5745 UofM_
189441481136073 -76 32960486020 1425012382.1140 5765 eduroam_
189441481136067 -76 32960486011 1425012382.1140 5765 UofM_Secure_
189441481136069 -76 32960486016 1425012382.1140 5765 UofM_Guest_
189441481136065 -75 32960486006 1425012382.1140 5765 UofM_
189441481136072 -78 32964050374 1425012382.1140 2437 eduroam_
189441481136068 -79 32964050369 1425012382.1140 2437 UofM_Guest_
189441481136070 -65 32960485972 1425012382.1140 2437 _
189441481136064 -85 32964050364 1425012382.1140 2437 UofM_
47491272327 -76 32960486001 1425012382.1140 5745 _
47491268867 -68 32964050402 1425012382.1140 5785 UofM_Secure_
47491268873 -67 32964050411 1425012382.1140 5785 eduroam_
47491268869 -66 32964050407 1425012382.1140 5785 UofM_Guest_
47491268865 -67 32964050398 1425012382.1140 5785 UofM_
47491268868 -84 32964050389 1425012382.1140 2462 UofM_Guest_
47491268864 -84 32964050384 1425012382.1140 2462 UofM_
