162797488891936 -75 32483062358 1425011904.6280 2437 viro-geni-2_
47491268864 -87 32486568856 1425011904.6280 2462 UofM_
47491268867 -77 32483062395 1425011904.6280 5785 UofM_Secure_
47492007880 -72 32483062348 1425011904.6280 2412 eduroam_
47492007876 -71 32483062339 1425011904.6280 2412 UofM_Guest_
47492007872 -71 32483062329 1425011904.6280 2412 UofM_
47491268868 -84 32486568864 1425011904.6280 2462 UofM_Guest_
47491268865 -70 32483062368 1425011904.6280 5785 UofM_
47492007874 -66 32483062334 1425011904.6280 2412 UofM_Secure_
47492007881 -77 32483062390 1425011904.6280 5220 eduroam_
47492007875 -78 32483062379 1425011904.6280 5220 UofM_Secure_
84207466584962 -75 32486568810 1425011904.6280 2412 UofM_Secure_
84207466584968 -72 32486568822 1425011904.6280 2412 eduroam_
114896623892006 -77 32486568841 1425011904.6280 2437 NAO_
47492007878 -72 32483062343 1425011904.6280 2412 _
47492007873 -79 32483062373 1425011904.6280 5220 UofM_
47492007877 -79 32483062385 1425011904.6280 5220 UofM_Guest_
84207466584966 -76 32486568828 1425011904.6280 2412 _
84207466584964 -74 32486568816 1425011904.6280 2412 UofM_Guest_
84207466584960 -76 32486568803 1425011904.6280 2412 UofM_
189441481137412 -83 32486568834 1425011904.6280 2437 UofM_Guest_
47491959236 -87 32486568849 1425011904.6280 2437 UofM_Guest_
