189441481136064 -70 33277928050 1425012695.9870 2437 UofM_
189441481136072 -79 33274328460 1425012695.9870 2437 eduroam_
189441481136070 -78 33274328472 1425012695.9870 2437 _
189441481136068 -77 33274328467 1425012695.9870 2437 UofM_Guest_
189441481136066 -77 33274328464 1425012695.9870 2437 UofM_Secure_
47491272328 -89 33274328454 1425012695.9870 2412 eduroam_
47491272324 -92 33274328444 1425012695.9870 2412 UofM_Guest_
47491272320 -87 33274328438 1425012695.9870 2412 UofM_
47491268867 -77 33277928072 1425012695.9870 5785 UofM_Secure_
189441481136067 -76 33277928057 1425012695.9870 5765 UofM_Secure_
47491268873 -76 33277928079 1425012695.9870 5785 eduroam_
189441481136073 -76 33277928065 1425012695.9870 5765 eduroam_
47491463112 -87 33277928033 1425012695.9870 2412 eduroam_
47491268865 -76 33277928068 1425012695.9870 5785 UofM_
47491268869 -76 33277928076 1425012695.9870 5785 UofM_Guest_
189441481136069 -77 33277928061 1425012695.9870 5765 UofM_Guest_
189441481136065 -78 33277928053 1425012695.9870 5765 UofM_
47491959232 -80 33277928040 1425012695.9870 2437 UofM_
47491959238 -83 33277928044 1425012695.9870 2437 _
47491268864 -85 33277928047 1425012695.9870 2462 UofM_
47491463104 -87 33277928028 1425012695.9870 2412 UofM_
47491463108 -88 33277928037 1425012695.9870 2412 UofM_Guest_
