47491272328 -68 32939242395 1425012357.3060 2412 eduroam_
47491272320 -67 32939242377 1425012357.3060 2412 UofM_
47491272324 -68 32939242384 1425012357.3060 2412 UofM_Guest_
47491272326 -71 32939242389 1425012357.3060 2412 _
47491272322 -61 32939242420 1425012357.3060 2412 UofM_Secure_
47491272329 -60 32939242442 1425012357.3060 5745 eduroam_
47491272323 -60 32939242431 1425012357.3060 5745 UofM_Secure_
47491272325 -57 32939242436 1425012357.3060 5745 UofM_Guest_
47491272321 -58 32939242426 1425012357.3060 5745 UofM_
47491271496 -79 32939242414 1425012357.3060 2437 eduroam_
47491271492 -81 32939242405 1425012357.3060 2437 UofM_Guest_
47491271494 -81 32939242409 1425012357.3060 2437 _
47491271488 -82 32939242399 1425012357.3060 2437 UofM_
47491271497 -76 32935708015 1425012357.3060 5220 eduroam_
47491271491 -76 32935708005 1425012357.3060 5220 UofM_Secure_
47491271489 -75 32935708000 1425012357.3060 5220 UofM_
47491271493 -75 32935708010 1425012357.3060 5220 UofM_Guest_
189441478940486 -87 32935707954 1425012357.3060 2412 _
189441478940480 -88 32935707949 1425012357.3060 2412 UofM_
47491272327 -66 32935708045 1425012357.3060 5745 _
47491271495 -78 32935708020 1425012357.3060 5220 _
189441481136073 -71 32939242458 1425012357.3060 5765 eduroam_
189441481136067 -73 32939242448 1425012357.3060 5765 UofM_Secure_
189441481136069 -72 32939242452 1425012357.3060 5765 UofM_Guest_
189441481136071 -76 32939242470 1425012357.3060 5765 _
189441481136065 -78 32939242464 1425012357.3060 5765 UofM_
