47491268867 -70 33056401983 1425012477.7040 5785 UofM_Secure_
162797488891936 -75 33059273120 1425012477.7040 2437 viro-geni-2_
47492007880 -81 33059592781 1425012477.7040 2412 eduroam_
47492007872 -79 33059592768 1425012477.7040 2412 UofM_
47492007878 -80 33059592778 1425012477.7040 2412 _
211938385015607 -67 33056401930 1425012477.7040 2437 HS-HOME-NET_
211938385015055 -87 33059273134 1425012477.7040 2437 viro-geni-1_
211938385015619 -74 33059273127 1425012477.7040 2437 viro2_
47493331331 -79 33056401925 1425012477.7040 5180 UofM_Secure_
47491269576 -88 33059273114 1425012477.7040 2412 eduroam_
2297084420154 -74 33056401901 1425012477.7040 2412 DIRECT-_
47491269568 -87 33059273099 1425012477.7040 2412 UofM_
47491269574 -87 33059273109 1425012477.7040 2412 _
47491268872 -83 33056401967 1425012477.7040 2462 eduroam_
47491268873 -72 33056401994 1425012477.7040 5785 eduroam_
47491268869 -70 33056401989 1425012477.7040 5785 UofM_Guest_
47491268865 -71 33056401978 1425012477.7040 5785 UofM_
47491268868 -79 33056401956 1425012477.7040 2462 UofM_Guest_
47491268864 -65 33059273140 1425012477.7040 2462 UofM_
47493331328 -84 33056401972 1425012477.7040 2462 UofM_
47492007874 -77 33059592807 1425012477.7040 2412 UofM_Secure_
47492007876 -79 33059592772 1425012477.7040 2412 UofM_Guest_
47491268870 -82 33056401961 1425012477.7040 2462 _
47491269572 -86 33059273104 1425012477.7040 2412 UofM_Guest_
84207466584968 -85 33059592800 1425012477.7040 2412 eduroam_
84207466584960 -85 33059592786 1425012477.7040 2412 UofM_
84207466584964 -85 33059592790 1425012477.7040 2412 UofM_Guest_
84207466584966 -85 33059592796 1425012477.7040 2412 _
