47491272320 -51 33422385623 1425012840.4440 2412 UofM_
47491272329 -51 33422385670 1425012840.4440 5745 eduroam_
47491272323 -50 33422385662 1425012840.4440 5745 UofM_Secure_
47491272328 -53 33422385638 1425012840.4440 2412 eduroam_
47491272325 -50 33422385666 1425012840.4440 5745 UofM_Guest_
47491272321 -47 33422385643 1425012840.4440 5745 UofM_
47491271492 -80 33418920932 1425012840.4440 2437 UofM_Guest_
47491271494 -87 33418920940 1425012840.4440 2437 _
47491272324 -52 33422385631 1425012840.4440 2412 UofM_Guest_
47491272326 -51 33422385635 1425012840.4440 2412 _
189441481136073 -63 33422385685 1425012840.4440 5765 eduroam_
189441481136067 -61 33422385678 1425012840.4440 5765 UofM_Secure_
189441481136065 -62 33422385674 1425012840.4440 5765 UofM_
189441481136069 -63 33422385682 1425012840.4440 5765 UofM_Guest_
189441481136071 -65 33418920973 1425012840.4440 5765 _
189441481136064 -65 33422385646 1425012840.4440 2437 UofM_
189441481136072 -65 33422385654 1425012840.4440 2437 eduroam_
189441481136068 -67 33422385658 1425012840.4440 2437 UofM_Guest_
189441481136070 -65 33422385650 1425012840.4440 2437 _
47491272322 -52 33422385627 1425012840.4440 2412 UofM_Secure_
