47491268873 -43 32613479631 1425012031.5400 5785 eduroam_
47491268867 -42 32613479622 1425012031.5400 5785 UofM_Secure_
47491268869 -43 32613479627 1425012031.5400 5785 UofM_Guest_
47491268865 -39 32613479557 1425012031.5400 5785 UofM_
47491268870 -44 32613479598 1425012031.5400 2462 _
47491268868 -44 32613479594 1425012031.5400 2462 UofM_Guest_
47491268872 -47 32613479602 1425012031.5400 2462 eduroam_
47491268864 -45 32613479589 1425012031.5400 2462 UofM_
47491271496 -82 32613479581 1425012031.5400 2437 eduroam_
47491959240 -73 32610013091 1425012031.5400 2437 eduroam_
47491959232 -71 32613479561 1425012031.5400 2437 UofM_
47491959236 -71 32613479565 1425012031.5400 2437 UofM_Guest_
47491271492 -73 32613479585 1425012031.5400 2437 UofM_Guest_
47491959238 -70 32613479569 1425012031.5400 2437 _
47491271494 -81 32613479577 1425012031.5400 2437 _
47491959235 -69 32613479610 1425012031.5400 5180 UofM_Secure_
47491271491 -79 32610013139 1425012031.5400 5220 UofM_Secure_
47491959241 -67 32613479618 1425012031.5400 5180 eduroam_
47491271497 -82 32610013149 1425012031.5400 5220 eduroam_
47491959233 -68 32613479606 1425012031.5400 5180 UofM_
47491959237 -69 32613479614 1425012031.5400 5180 UofM_Guest_
47491271488 -74 32610013096 1425012031.5400 2437 UofM_
47491271489 -80 32610013134 1425012031.5400 5220 UofM_
47491271493 -81 32610013144 1425012031.5400 5220 UofM_Guest_
47491959234 -73 32613479573 1425012031.5400 2437 UofM_Secure_
47492007876 -89 32613479552 1425012031.5400 2412 UofM_Guest_
