47491268873 -67 32627353619 1425012045.4160 5785 eduroam_
47491268867 -69 32627353611 1425012045.4160 5785 UofM_Secure_
47491268869 -66 32627353615 1425012045.4160 5785 UofM_Guest_
47491268865 -59 32627353572 1425012045.4160 5785 UofM_
47491268870 -65 32627353592 1425012045.4160 2462 _
47491268868 -62 32627353588 1425012045.4160 2462 UofM_Guest_
47491268872 -60 32627353597 1425012045.4160 2462 eduroam_
47491268864 -65 32627353584 1425012045.4160 2462 UofM_
47491271496 -75 32623886419 1425012045.4160 2437 eduroam_
47491959240 -76 32627353580 1425012045.4160 2437 eduroam_
47491959232 -77 32627353576 1425012045.4160 2437 UofM_
47491959236 -71 32623886405 1425012045.4160 2437 UofM_Guest_
47491271492 -75 32623886412 1425012045.4160 2437 UofM_Guest_
47491959238 -74 32623886408 1425012045.4160 2437 _
47491271494 -75 32623886416 1425012045.4160 2437 _
47491959235 -75 32623886458 1425012045.4160 5180 UofM_Secure_
47491271491 -75 32623886481 1425012045.4160 5220 UofM_Secure_
47491959241 -72 32623886468 1425012045.4160 5180 eduroam_
47491271497 -75 32623886489 1425012045.4160 5220 eduroam_
47491959233 -71 32623886454 1425012045.4160 5180 UofM_
47491959237 -74 32623886463 1425012045.4160 5180 UofM_Guest_
47491271489 -74 32623886476 1425012045.4160 5220 UofM_
47491271493 -75 32623886485 1425012045.4160 5220 UofM_Guest_
47491271495 -78 32623886494 1425012045.4160 5220 _
47491959239 -78 32623886472 1425012045.4160 5180 _
47491268866 -64 32627353601 1425012045.4160 2462 UofM_Secure_
47492007880 -86 32623886395 1425012045.4160 2412 eduroam_
47491959234 -73 32623886427 1425012045.4160 2437 UofM_Secure_
47491268871 -64 32623886513 1425012045.4160 5785 _
47491272328 -86 32627353564 1425012045.4160 2412 eduroam_
47491272321 -83 32627353605 1425012045.4160 5745 UofM_
47491272324 -86 32627353555 1425012045.4160 2412 UofM_Guest_
47491272320 -88 32627353568 1425012045.4160 2412 UofM_
47491272326 -90 32627353559 1425012045.4160 2412 _
