47491272320 -73 33439695427 1425012857.7530 2412 UofM_
47491272329 -74 33439695483 1425012857.7530 5745 eduroam_
47491272323 -73 33439695474 1425012857.7530 5745 UofM_Secure_
47491272328 -76 33439695443 1425012857.7530 2412 eduroam_
47491272325 -73 33439695479 1425012857.7530 5745 UofM_Guest_
47491272321 -66 33439695447 1425012857.7530 5745 UofM_
47491272324 -72 33439695435 1425012857.7530 2412 UofM_Guest_
47491272326 -77 33439695439 1425012857.7530 2412 _
189441481136073 -54 33439695500 1425012857.7530 5765 eduroam_
189441481136067 -57 33439695492 1425012857.7530 5765 UofM_Secure_
189441481136065 -56 33439695487 1425012857.7530 5765 UofM_
189441481136069 -53 33439695496 1425012857.7530 5765 UofM_Guest_
189441481136064 -47 33439695450 1425012857.7530 2437 UofM_
189441481136072 -43 33439695462 1425012857.7530 2437 eduroam_
189441481136068 -42 33439695454 1425012857.7530 2437 UofM_Guest_
189441481136070 -45 33439695458 1425012857.7530 2437 _
189441481136071 -41 33436227574 1425012857.7530 5765 _
47491272322 -76 33439695431 1425012857.7530 2412 UofM_Secure_
47494398600 -83 33439695470 1425012857.7530 2462 eduroam_
47494398596 -82 33439695466 1425012857.7530 2462 UofM_Guest_
