189441481136067 -70 33220702420 1425012642.3430 5765 UofM_Secure_
189441481136069 -77 33220702460 1425012642.3430 5765 UofM_Guest_
189441481136068 -68 33220702428 1425012642.3430 2437 UofM_Guest_
189441481136065 -79 33220702454 1425012642.3430 5765 UofM_
47494398596 -84 33220702438 1425012642.3430 2462 UofM_Guest_
189441481136066 -78 33224284865 1425012642.3430 2437 UofM_Secure_
189441481136064 -81 33224284855 1425012642.3430 2437 UofM_
189441481136072 -81 33224284868 1425012642.3430 2437 eduroam_
47491272322 -81 33220702402 1425012642.3430 2412 UofM_Secure_
47491272328 -84 33220702409 1425012642.3430 2412 eduroam_
47494398600 -87 33224284872 1425012642.3430 2462 eduroam_
189441481136070 -67 33220702431 1425012642.3430 2437 _
47494398592 -84 33220702449 1425012642.3430 2462 UofM_
47491272324 -84 33220702405 1425012642.3430 2412 UofM_Guest_
47491272326 -84 33220702413 1425012642.3430 2412 _
47494398598 -87 33220702442 1425012642.3430 2462 _
47491272320 -87 33220702398 1425012642.3430 2412 UofM_
