47492007872 -85 33154141482 1425012572.2080 2412 UofM_
47491268870 -55 33154141351 1425012572.2080 2462 _
47491268868 -57 33154141345 1425012572.2080 2462 UofM_Guest_
47491268864 -56 33154141340 1425012572.2080 2462 UofM_
47491268872 -55 33154141355 1425012572.2080 2462 eduroam_
47491268867 -46 33154141492 1425012572.2080 5785 UofM_Secure_
47491268873 -44 33154141503 1425012572.2080 5785 eduroam_
47491268869 -45 33154141497 1425012572.2080 5785 UofM_Guest_
47491268865 -46 33154141487 1425012572.2080 5785 UofM_
47491268866 -57 33154141361 1425012572.2080 2462 UofM_Secure_
47491473988 -83 33150598004 1425012572.2080 2437 UofM_Guest_
47491959238 -73 33154141316 1425012572.2080 2437 _
47491959236 -69 33154141306 1425012572.2080 2437 UofM_Guest_
47491959241 -75 33154141453 1425012572.2080 5180 eduroam_
47491959235 -74 33154141443 1425012572.2080 5180 UofM_Secure_
47491959240 -73 33154141311 1425012572.2080 2437 eduroam_
47491271496 -78 33154141335 1425012572.2080 2437 eduroam_
47491959233 -76 33154141438 1425012572.2080 5180 UofM_
47491959237 -75 33154141449 1425012572.2080 5180 UofM_Guest_
47491959232 -71 33154141301 1425012572.2080 2437 UofM_
47491271494 -79 33154141331 1425012572.2080 2437 _
47491271488 -76 33154141322 1425012572.2080 2437 UofM_
47491271492 -78 33154141326 1425012572.2080 2437 UofM_Guest_
47491271497 -76 33154141469 1425012572.2080 5220 eduroam_
47491271491 -76 33154141459 1425012572.2080 5220 UofM_Secure_
47491268871 -47 33154141508 1425012572.2080 5785 _
47491271489 -74 33154141475 1425012572.2080 5220 UofM_
47491271493 -74 33154141464 1425012572.2080 5220 UofM_Guest_
