162797488891936 -82 33139926707 1425012557.9860 2437 viro-geni-2_
84207466584968 -87 33136395783 1425012557.9860 2412 eduroam_
84207466584960 -83 33136395772 1425012557.9860 2412 UofM_
84207466584966 -87 33136395804 1425012557.9860 2412 _
47492007872 -77 33139926696 1425012557.9860 2412 UofM_
47491268870 -77 33139926758 1425012557.9860 2462 _
47491268868 -77 33139926754 1425012557.9860 2462 UofM_Guest_
47491268864 -74 33139926749 1425012557.9860 2462 UofM_
47491268872 -79 33139926763 1425012557.9860 2462 eduroam_
47491268867 -62 33139926784 1425012557.9860 5785 UofM_Secure_
47491268873 -64 33139926791 1425012557.9860 5785 eduroam_
47491268869 -61 33139926788 1425012557.9860 5785 UofM_Guest_
47491268865 -62 33139926781 1425012557.9860 5785 UofM_
47492007880 -77 33139926703 1425012557.9860 2412 eduroam_
84207466584962 -83 33136395776 1425012557.9860 2412 UofM_Secure_
47491268871 -61 33139926795 1425012557.9860 5785 _
47492007876 -76 33139926699 1425012557.9860 2412 UofM_Guest_
47492007878 -66 33136395798 1425012557.9860 2412 _
84207466584964 -88 33136395779 1425012557.9860 2412 UofM_Guest_
47492007874 -69 33136395791 1425012557.9860 2412 UofM_Secure_
47492007881 -83 33139926774 1425012557.9860 5220 eduroam_
47492007875 -81 33139926777 1425012557.9860 5220 UofM_Secure_
47492007873 -65 33136395834 1425012557.9860 5220 UofM_
47492007877 -82 33139926770 1425012557.9860 5220 UofM_Guest_
47493331331 -79 33136395827 1425012557.9860 5180 UofM_Secure_
211938385015607 -80 33139926714 1425012557.9860 2437 HS-HOME-NET_
47493331336 -88 33136395823 1425012557.9860 2462 eduroam_
47492007879 -66 33136395847 1425012557.9860 5220 _
47493331333 -80 33136395830 1425012557.9860 5180 UofM_Guest_
211938385015619 -80 33139926717 1425012557.9860 2437 viro2_
47493331328 -86 33136395820 1425012557.9860 2462 UofM_
47491268866 -79 33139926766 1425012557.9860 2462 UofM_Secure_
211938385015055 -82 33139926720 1425012557.9860 2437 viro-geni-1_
114896623892006 -85 33139926710 1425012557.9860 2437 NAO_
47491269574 -87 33139926693 1425012557.9860 2412 _
