47491272328 -60 32946355915 1425012364.4160 2412 eduroam_
47491272320 -58 32946355905 1425012364.4160 2412 UofM_
47491272324 -64 32942806908 1425012364.4160 2412 UofM_Guest_
47491272326 -60 32946355910 1425012364.4160 2412 _
47491272322 -50 32946355941 1425012364.4160 2412 UofM_Secure_
47491272329 -50 32946355979 1425012364.4160 5745 eduroam_
47491272323 -48 32946355968 1425012364.4160 5745 UofM_Secure_
47491272325 -47 32946355974 1425012364.4160 5745 UofM_Guest_
47491272321 -49 32946355963 1425012364.4160 5745 UofM_
47491271496 -82 32946355920 1425012364.4160 2437 eduroam_
47491271492 -83 32946355951 1425012364.4160 2437 UofM_Guest_
47491271488 -83 32946355946 1425012364.4160 2437 UofM_
189441481136073 -68 32946356004 1425012364.4160 5765 eduroam_
189441481136067 -68 32946355994 1425012364.4160 5765 UofM_Secure_
189441481136069 -68 32946355999 1425012364.4160 5765 UofM_Guest_
189441481136065 -65 32946355988 1425012364.4160 5765 UofM_
189441481136072 -65 32946355936 1425012364.4160 2437 eduroam_
189441481136066 -75 32942806941 1425012364.4160 2437 UofM_Secure_
189441481136068 -71 32946355958 1425012364.4160 2437 UofM_Guest_
189441481136070 -68 32946355931 1425012364.4160 2437 _
189441481136064 -68 32946355926 1425012364.4160 2437 UofM_
47491272327 -50 32946355983 1425012364.4160 5745 _
