47491272329 -55 32677497623 1425012095.5540 5745 eduroam_
47491271496 -82 32677497607 1425012095.5540 2437 eduroam_
47491272321 -56 32677497611 1425012095.5540 5745 UofM_
47491271488 -76 32677497596 1425012095.5540 2437 UofM_
47491272328 -68 32677497592 1425012095.5540 2412 eduroam_
47491271492 -80 32677497599 1425012095.5540 2437 UofM_Guest_
47491272326 -66 32677497589 1425012095.5540 2412 _
47491272320 -67 32677497583 1425012095.5540 2412 UofM_
47491272323 -58 32677497615 1425012095.5540 5745 UofM_Secure_
47491271493 -81 32673895479 1425012095.5540 5220 UofM_Guest_
47491272325 -57 32677497619 1425012095.5540 5745 UofM_Guest_
47491271494 -84 32677497603 1425012095.5540 2437 _
47491272324 -65 32677497586 1425012095.5540 2412 UofM_Guest_
189441481136067 -71 32677497631 1425012095.5540 5765 UofM_Secure_
189441481136073 -75 32677497640 1425012095.5540 5765 eduroam_
189441481136065 -71 32677497627 1425012095.5540 5765 UofM_
189441481136069 -73 32677497636 1425012095.5540 5765 UofM_Guest_
