47491268864 -87 33205764238 1425012623.8350 2462 UofM_
189441481136067 -76 33202215835 1425012623.8350 5765 UofM_Secure_
189441481136073 -80 33205764278 1425012623.8350 5765 eduroam_
189441481136072 -71 33202215769 1425012623.8350 2437 eduroam_
189441481136069 -75 33202215845 1425012623.8350 5765 UofM_Guest_
189441481136068 -70 33202215759 1425012623.8350 2437 UofM_Guest_
189441481136070 -78 33202215764 1425012623.8350 2437 _
47491959240 -75 33205764226 1425012623.8350 2437 eduroam_
47491959236 -72 33205764217 1425012623.8350 2437 UofM_Guest_
47491959238 -74 33205764221 1425012623.8350 2437 _
47491959232 -74 33205764213 1425012623.8350 2437 UofM_
47491959241 -76 33205764265 1425012623.8350 5180 eduroam_
47491959234 -77 33202215779 1425012623.8350 2437 UofM_Secure_
47491959235 -76 33205764255 1425012623.8350 5180 UofM_Secure_
47491463112 -80 33205764205 1425012623.8350 2412 eduroam_
47491463106 -79 33205764196 1425012623.8350 2412 UofM_Secure_
189441481136065 -79 33205764271 1425012623.8350 5765 UofM_
47491959233 -77 33205764251 1425012623.8350 5180 UofM_
47491959237 -75 33205764261 1425012623.8350 5180 UofM_Guest_
47491463108 -80 33205764200 1425012623.8350 2412 UofM_Guest_
47491463104 -82 33205764186 1425012623.8350 2412 UofM_
47494398600 -86 33205764245 1425012623.8350 2462 eduroam_
47494398592 -81 33205764230 1425012623.8350 2462 UofM_
47491463110 -82 33205764210 1425012623.8350 2412 _
47494398598 -85 33205764235 1425012623.8350 2462 _
47494398596 -87 33205764242 1425012623.8350 2462 UofM_Guest_
