189441481136064 -83 33353400541 1425012771.4610 2437 UofM_
47491272328 -84 33353400535 1425012771.4610 2412 eduroam_
47491272320 -82 33353400513 1425012771.4610 2412 UofM_
47491272324 -81 33353400524 1425012771.4610 2412 UofM_Guest_
47491272326 -84 33353400530 1425012771.4610 2412 _
47491268864 -85 33353400546 1425012771.4610 2462 UofM_
47491268872 -83 33353400558 1425012771.4610 2462 eduroam_
47491268868 -82 33353400552 1425012771.4610 2462 UofM_Guest_
47491268873 -73 33353400582 1425012771.4610 5785 eduroam_
47491268867 -75 33353400570 1425012771.4610 5785 UofM_Secure_
47491272322 -81 33353400519 1425012771.4610 2412 UofM_Secure_
47491268865 -73 33353400564 1425012771.4610 5785 UofM_
47491268871 -74 33353400587 1425012771.4610 5785 _
47491268869 -74 33353400576 1425012771.4610 5785 UofM_Guest_
