47492007872 -82 32556644406 1425011974.7550 2412 UofM_
84207466584962 -70 32541153384 1425011974.7550 2412 UofM_Secure_
84207466584968 -90 32556644401 1425011974.7550 2412 eduroam_
114896623892006 -82 32553303005 1425011974.7550 2437 NAO_
84207466584966 -86 32553302966 1425011974.7550 2412 _
84207466584964 -86 32556644397 1425011974.7550 2412 UofM_Guest_
84207466584960 -89 32556644392 1425011974.7550 2412 UofM_
47492007880 -84 32556644422 1425011974.7550 2412 eduroam_
47492007876 -81 32556644414 1425011974.7550 2412 UofM_Guest_
162797488891936 -81 32556644431 1425011974.7550 2437 viro-geni-2_
211938385015619 -83 32553303014 1425011974.7550 2437 viro2_
47491268873 -61 32556644494 1425011974.7550 5785 eduroam_
47491268867 -63 32556644484 1425011974.7550 5785 UofM_Secure_
47491268872 -75 32556644453 1425011974.7550 2462 eduroam_
47491268869 -62 32556644489 1425011974.7550 5785 UofM_Guest_
47491268865 -60 32556644479 1425011974.7550 5785 UofM_
47491268870 -76 32556644448 1425011974.7550 2462 _
211938385015607 -87 32556644436 1425011974.7550 2437 HS-HOME-NET_
47492007878 -80 32556644418 1425011974.7550 2412 _
47493331331 -79 32551628311 1425011974.7550 5180 UofM_Secure_
47493331337 -80 32551628323 1425011974.7550 5180 eduroam_
2297084420154 -78 32551628248 1425011974.7550 2412 DIRECT-_
47491268871 -67 32551628356 1425011974.7550 5785 _
47493331333 -79 32551628318 1425011974.7550 5180 UofM_Guest_
47493331335 -80 32551628330 1425011974.7550 5180 _
47493331329 -80 32551628305 1425011974.7550 5180 UofM_
47491959240 -81 32553303010 1425011974.7550 2437 eduroam_
211938385015055 -89 32553302998 1425011974.7550 2437 viro-geni-1_
47491269568 -85 32553302990 1425011974.7550 2412 UofM_
47491268866 -68 32556644474 1425011974.7550 2462 UofM_Secure_
47491268424 -81 32556644470 1425011974.7550 2462 eduroam_
47492007874 -81 32556644410 1425011974.7550 2412 UofM_Secure_
47491268868 -70 32556644444 1425011974.7550 2462 UofM_Guest_
47491268864 -73 32556644440 1425011974.7550 2462 UofM_
47491268416 -82 32556644457 1425011974.7550 2462 UofM_
47491268420 -84 32556644461 1425011974.7550 2462 UofM_Guest_
47491473988 -84 32556644427 1425011974.7550 2437 UofM_Guest_
47491268422 -85 32556644465 1425011974.7550 2462 _
