47491268867 -74 33003597502 1425012425.1510 5785 UofM_Secure_
47491268864 -77 33003597516 1425012425.1510 2462 UofM_
47491268872 -82 33003597531 1425012425.1510 2462 eduroam_
47491268870 -82 33003597526 1425012425.1510 2462 _
47492007875 -80 33003597536 1425012425.1510 5220 UofM_Secure_
47491268868 -78 33003597521 1425012425.1510 2462 UofM_Guest_
114896623892006 -81 33007088017 1425012425.1510 2437 NAO_
84207466584968 -78 33007087990 1425012425.1510 2412 eduroam_
84207466584960 -77 33007087969 1425012425.1510 2412 UofM_
84207466584964 -76 33007087980 1425012425.1510 2412 UofM_Guest_
211938385015619 -86 33003597497 1425012425.1510 2437 viro2_
162797488891936 -88 33007088042 1425012425.1510 2437 viro-geni-2_
211938385015607 -82 33003597511 1425012425.1510 2437 HS-HOME-NET_
84207466584962 -76 33007087975 1425012425.1510 2412 UofM_Secure_
47492007880 -85 33007088007 1425012425.1510 2412 eduroam_
84207466584966 -80 33007087985 1425012425.1510 2412 _
47492007872 -85 33007087994 1425012425.1510 2412 UofM_
47492007878 -85 33007088002 1425012425.1510 2412 _
47492007876 -85 33007087998 1425012425.1510 2412 UofM_Guest_
47491959240 -84 33007088038 1425012425.1510 2437 eduroam_
47491460552 -86 33007088059 1425012425.1510 2462 eduroam_
189441481137414 -81 33007088021 1425012425.1510 2437 _
47491959236 -84 33007088030 1425012425.1510 2437 UofM_Guest_
47491959232 -85 33007088025 1425012425.1510 2437 UofM_
47491460544 -85 33007088055 1425012425.1510 2462 UofM_
47491959238 -86 33007088034 1425012425.1510 2437 _
47491460548 -86 33007088047 1425012425.1510 2462 UofM_Guest_
47491460550 -88 33007088050 1425012425.1510 2462 _
