189441481136072 -82 32875439767 1425012293.4970 2437 eduroam_
47491272328 -82 32875439749 1425012293.4970 2412 eduroam_
47491272320 -81 32875439698 1425012293.4970 2412 UofM_
47491272324 -81 32875439709 1425012293.4970 2412 UofM_Guest_
47491272326 -81 32875439715 1425012293.4970 2412 _
47491272323 -76 32875439777 1425012293.4970 5745 UofM_Secure_
47491272322 -76 32875439705 1425012293.4970 2412 UofM_Secure_
47491272329 -76 32871878104 1425012293.4970 5745 eduroam_
47491272321 -77 32875439772 1425012293.4970 5745 UofM_
47491272325 -78 32871878099 1425012293.4970 5745 UofM_Guest_
189441481136067 -76 32871878126 1425012293.4970 5765 UofM_Secure_
189441481136073 -77 32871878122 1425012293.4970 5765 eduroam_
189441481136069 -79 32871878114 1425012293.4970 5765 UofM_Guest_
189441481136065 -78 32871878109 1425012293.4970 5765 UofM_
189441481136068 -79 32871878055 1425012293.4970 2437 UofM_Guest_
189441481136070 -81 32875439763 1425012293.4970 2437 _
189441481136064 -83 32875439756 1425012293.4970 2437 UofM_
189441481136071 -80 32871878118 1425012293.4970 5765 _
