47491268873 -56 32606554323 1425012024.6130 5785 eduroam_
47491268867 -54 32606554313 1425012024.6130 5785 UofM_Secure_
47491268869 -59 32606554318 1425012024.6130 5785 UofM_Guest_
47491268865 -49 32606554288 1425012024.6130 5785 UofM_
47491268870 -52 32606554303 1425012024.6130 2462 _
47491268868 -50 32606554298 1425012024.6130 2462 UofM_Guest_
84207466584968 -91 32603089408 1425012024.6130 2412 eduroam_
47491268872 -55 32606554308 1425012024.6130 2462 eduroam_
47491268864 -53 32606554293 1425012024.6130 2462 UofM_
47491268866 -68 32603089443 1425012024.6130 2462 UofM_Secure_
47491473986 -76 32603089427 1425012024.6130 2437 UofM_Secure_
47491473988 -76 32603089414 1425012024.6130 2437 UofM_Guest_
47491473992 -79 32603089421 1425012024.6130 2437 eduroam_
47491328712 -80 32603089430 1425012024.6130 2437 eduroam_
47491268871 -57 32606554327 1425012024.6130 5785 _
47491473990 -77 32603089418 1425012024.6130 2437 _
47491473984 -77 32603089424 1425012024.6130 2437 UofM_
47491271490 -77 32606554277 1425012024.6130 2437 UofM_Secure_
47491271496 -78 32606554261 1425012024.6130 2437 eduroam_
47491959240 -78 32606554266 1425012024.6130 2437 eduroam_
47491959232 -78 32606554271 1425012024.6130 2437 UofM_
47491959236 -80 32606554245 1425012024.6130 2437 UofM_Guest_
47491271492 -81 32606554282 1425012024.6130 2437 UofM_Guest_
47491959238 -83 32606554251 1425012024.6130 2437 _
47491271494 -84 32606554256 1425012024.6130 2437 _
