47491272328 -60 32893145421 1425012314.7280 2412 eduroam_
47491272320 -69 32896671232 1425012314.7280 2412 UofM_
47491272324 -62 32893145444 1425012314.7280 2412 UofM_Guest_
47491272326 -70 32896671235 1425012314.7280 2412 _
47491272323 -70 32893145472 1425012314.7280 5745 UofM_Secure_
47491272322 -70 32896671237 1425012314.7280 2412 UofM_Secure_
47491272329 -70 32893145483 1425012314.7280 5745 eduroam_
47491272321 -70 32893145466 1425012314.7280 5745 UofM_
47491272325 -70 32893145477 1425012314.7280 5745 UofM_Guest_
189441481136073 -79 32893145500 1425012314.7280 5765 eduroam_
189441481136065 -79 32893145488 1425012314.7280 5765 UofM_
189441481136069 -79 32893145494 1425012314.7280 5765 UofM_Guest_
189441481136072 -82 32896671257 1425012314.7280 2437 eduroam_
189441481136068 -81 32896671252 1425012314.7280 2437 UofM_Guest_
189441481136070 -80 32896671240 1425012314.7280 2437 _
47491271496 -82 32896671249 1425012314.7280 2437 eduroam_
189441481136064 -80 32896671254 1425012314.7280 2437 UofM_
47491271492 -80 32896671246 1425012314.7280 2437 UofM_Guest_
47491271488 -84 32896671243 1425012314.7280 2437 UofM_
