189441481136072 -81 32758765163 1425012176.8230 2437 eduroam_
189441481136064 -85 32758765155 1425012176.8230 2437 UofM_
189441481136070 -82 32758765160 1425012176.8230 2437 _
47491959240 -68 32755226468 1425012176.8230 2437 eduroam_
47491959232 -69 32755226479 1425012176.8230 2437 UofM_
47491959236 -84 32758765152 1425012176.8230 2437 UofM_Guest_
47491959238 -86 32758765149 1425012176.8230 2437 _
47494398592 -87 32755226488 1425012176.8230 2462 UofM_
47494398600 -88 32755226505 1425012176.8230 2462 eduroam_
47494398596 -85 32755226500 1425012176.8230 2462 UofM_Guest_
189441481136067 -80 32755226547 1425012176.8230 5765 UofM_Secure_
47491463106 -79 32755226442 1425012176.8230 2412 UofM_Secure_
47491959235 -84 32755226536 1425012176.8230 5180 UofM_Secure_
47491463112 -85 32758765146 1425012176.8230 2412 eduroam_
47491268872 -84 32755226515 1425012176.8230 2462 eduroam_
47491959237 -81 32755226542 1425012176.8230 5180 UofM_Guest_
47491959233 -82 32755226530 1425012176.8230 5180 UofM_
47491463108 -84 32758765140 1425012176.8230 2412 UofM_Guest_
47491463110 -87 32758765143 1425012176.8230 2412 _
47491268870 -85 32755226524 1425012176.8230 2462 _
47491268864 -85 32755226494 1425012176.8230 2462 UofM_
47491463104 -88 32758765137 1425012176.8230 2412 UofM_
47491268868 -86 32755226510 1425012176.8230 2462 UofM_Guest_
189441481136073 -80 32758765166 1425012176.8230 5765 eduroam_
189441481136068 -82 32758765157 1425012176.8230 2437 UofM_Guest_
