47491272329 -66 32697351488 1425012115.4130 5745 eduroam_
47491272321 -62 32697351477 1425012115.4130 5745 UofM_
47491271488 -80 32681101396 1425012115.4130 2437 UofM_
47491272328 -67 32697351462 1425012115.4130 2412 eduroam_
47491272326 -66 32697351459 1425012115.4130 2412 _
47491272320 -59 32697351451 1425012115.4130 2412 UofM_
47491272323 -63 32697351481 1425012115.4130 5745 UofM_Secure_
47491272325 -62 32697351484 1425012115.4130 5745 UofM_Guest_
47491272324 -64 32697351456 1425012115.4130 2412 UofM_Guest_
189441481136067 -60 32697351495 1425012115.4130 5765 UofM_Secure_
189441481136073 -60 32697351502 1425012115.4130 5765 eduroam_
189441481136065 -62 32697351491 1425012115.4130 5765 UofM_
189441481136069 -60 32697351498 1425012115.4130 5765 UofM_Guest_
189441481136071 -68 32684694800 1425012115.4130 5765 _
189441481136068 -62 32697351468 1425012115.4130 2437 UofM_Guest_
47491272322 -61 32697351453 1425012115.4130 2412 UofM_Secure_
189441481136072 -65 32697351474 1425012115.4130 2437 eduroam_
189441481136066 -67 32687270099 1425012115.4130 2437 UofM_Secure_
47491272327 -49 32684694770 1425012115.4130 5745 _
189441481136064 -78 32697351465 1425012115.4130 2437 UofM_
189441481136070 -61 32697351471 1425012115.4130 2437 _
47491268873 -76 32697351516 1425012115.4130 5785 eduroam_
47491268867 -78 32697351509 1425012115.4130 5785 UofM_Secure_
47491268869 -76 32697351512 1425012115.4130 5785 UofM_Guest_
47491268865 -78 32697351505 1425012115.4130 5785 UofM_
