47491268867 -74 33003597502 1425012427.8780 5785 UofM_Secure_
114896623892006 -66 33009775069 1425012427.8780 2437 NAO_
84207466584968 -77 33009775055 1425012427.8780 2412 eduroam_
84207466584960 -80 33009775041 1425012427.8780 2412 UofM_
84207466584964 -81 33009775050 1425012427.8780 2412 UofM_Guest_
162797488891936 -77 33009775095 1425012427.8780 2437 viro-geni-2_
84207466584962 -75 33009775045 1425012427.8780 2412 UofM_Secure_
47492007880 -87 33009775035 1425012427.8780 2412 eduroam_
84207466584966 -78 33009775065 1425012427.8780 2412 _
47492007872 -85 33007087994 1425012427.8780 2412 UofM_
47492007878 -83 33009775029 1425012427.8780 2412 _
47492007876 -85 33007087998 1425012427.8780 2412 UofM_Guest_
47491959240 -84 33007088038 1425012427.8780 2437 eduroam_
47491460552 -77 33009775119 1425012427.8780 2462 eduroam_
189441481137414 -81 33009775099 1425012427.8780 2437 _
47491959236 -84 33007088030 1425012427.8780 2437 UofM_Guest_
47491959232 -77 33009410541 1425012427.8780 2437 UofM_
47491460544 -77 33009775104 1425012427.8780 2462 UofM_
47491959238 -86 33007088034 1425012427.8780 2437 _
47491460548 -77 33009775114 1425012427.8780 2462 UofM_Guest_
47491460550 -77 33009775124 1425012427.8780 2462 _
189441481137410 -74 33009775080 1425012427.8780 2437 UofM_Secure_
47491460546 -80 33009775109 1425012427.8780 2462 UofM_Secure_
189441481137416 -75 33009775089 1425012427.8780 2437 eduroam_
189441481137408 -79 33009775074 1425012427.8780 2437 UofM_
189441481137412 -76 33009775084 1425012427.8780 2437 UofM_Guest_
189441478786248 -87 33009775060 1425012427.8780 2412 eduroam_
