189441481136064 -75 33274328457 1425012692.3880 2437 UofM_
189441481136072 -79 33274328460 1425012692.3880 2437 eduroam_
189441481136070 -78 33274328472 1425012692.3880 2437 _
189441481136068 -77 33274328467 1425012692.3880 2437 UofM_Guest_
47494398600 -91 33270712941 1425012692.3880 2462 eduroam_
47494398596 -86 33270712935 1425012692.3880 2462 UofM_Guest_
47494398592 -89 33270712930 1425012692.3880 2462 UofM_
189441481136066 -77 33274328464 1425012692.3880 2437 UofM_Secure_
47491272328 -89 33274328454 1425012692.3880 2412 eduroam_
47491272322 -79 33270712886 1425012692.3880 2412 UofM_Secure_
47491272324 -92 33274328444 1425012692.3880 2412 UofM_Guest_
47491272320 -87 33274328438 1425012692.3880 2412 UofM_
47491268867 -77 33274328476 1425012692.3880 5785 UofM_Secure_
