47491268865 -70 32654376315 1425012074.9920 5785 UofM_
47491463108 -83 32654376188 1425012074.9920 2412 UofM_Guest_
47491463110 -82 32654376201 1425012074.9920 2412 _
47491463104 -82 32654376183 1425012074.9920 2412 UofM_
47491463106 -81 32654376207 1425012074.9920 2412 UofM_Secure_
47491463112 -86 32654376194 1425012074.9920 2412 eduroam_
47494398596 -80 32654376271 1425012074.9920 2462 UofM_Guest_
47491959240 -80 32654376230 1425012074.9920 2437 eduroam_
47491959236 -79 32654376213 1425012074.9920 2437 UofM_Guest_
47491959232 -80 32654376218 1425012074.9920 2437 UofM_
189441481136072 -82 32656788685 1425012074.9920 2437 eduroam_
47491959238 -80 32654376224 1425012074.9920 2437 _
47491268873 -69 32654376332 1425012074.9920 5785 eduroam_
47491268867 -73 32654376320 1425012074.9920 5785 UofM_Secure_
47491268869 -71 32654376326 1425012074.9920 5785 UofM_Guest_
47494398598 -81 32654376281 1425012074.9920 2462 _
47494398592 -78 32654376261 1425012074.9920 2462 UofM_
47491272329 -79 32654376306 1425012074.9920 5745 eduroam_
47491271496 -81 32656788694 1425012074.9920 2437 eduroam_
47491272321 -81 32654376296 1425012074.9920 5745 UofM_
47491271488 -81 32656788690 1425012074.9920 2437 UofM_
47491268872 -71 32656788795 1425012074.9920 2462 eduroam_
47491268866 -74 32656788705 1425012074.9920 2462 UofM_Secure_
47491272328 -84 32656788655 1425012074.9920 2412 eduroam_
47489366216 -87 32656788637 1425012074.9920 2412 eduroam_
47491268868 -66 32656788711 1425012074.9920 2462 UofM_Guest_
47491268870 -70 32656788716 1425012074.9920 2462 _
47491268864 -70 32656788700 1425012074.9920 2462 UofM_
189441481136068 -79 32656788673 1425012074.9920 2437 UofM_Guest_
47491271492 -80 32656788662 1425012074.9920 2437 UofM_Guest_
189441481136070 -81 32656788679 1425012074.9920 2437 _
189441481136064 -82 32656788667 1425012074.9920 2437 UofM_
47491272326 -85 32656788648 1425012074.9920 2412 _
47491272320 -86 32656788643 1425012074.9920 2412 UofM_
47489366208 -87 32656788616 1425012074.9920 2412 UofM_
47489366212 -88 32656788625 1425012074.9920 2412 UofM_Guest_
47489366214 -90 32656788631 1425012074.9920 2412 _
