189441481136072 -80 32871878067 1425012289.9360 2437 eduroam_
47491272328 -79 32871878042 1425012289.9360 2412 eduroam_
47491272320 -76 32871877931 1425012289.9360 2412 UofM_
47491272324 -76 32871877938 1425012289.9360 2412 UofM_Guest_
47491272326 -78 32871878034 1425012289.9360 2412 _
47491272323 -76 32871878092 1425012289.9360 5745 UofM_Secure_
47491272322 -71 32871878077 1425012289.9360 2412 UofM_Secure_
47491272329 -76 32871878104 1425012289.9360 5745 eduroam_
47491272321 -76 32871878084 1425012289.9360 5745 UofM_
47491272325 -78 32871878099 1425012289.9360 5745 UofM_Guest_
189441481136067 -76 32871878126 1425012289.9360 5765 UofM_Secure_
189441481136066 -67 32868327680 1425012289.9360 2437 UofM_Secure_
189441481136073 -77 32871878122 1425012289.9360 5765 eduroam_
189441481136069 -79 32871878114 1425012289.9360 5765 UofM_Guest_
189441481136065 -78 32871878109 1425012289.9360 5765 UofM_
189441481136068 -79 32871878055 1425012289.9360 2437 UofM_Guest_
189441481136070 -81 32871878061 1425012289.9360 2437 _
189441481136064 -80 32871878048 1425012289.9360 2437 UofM_
189441481136071 -80 32871878118 1425012289.9360 5765 _
