47491268867 -74 33069522621 1425012487.5860 5785 UofM_Secure_
162797488891936 -75 33059273120 1425012487.5860 2437 viro-geni-2_
47492007880 -81 33059592781 1425012487.5860 2412 eduroam_
47492007872 -79 33059592768 1425012487.5860 2412 UofM_
47492007878 -80 33059592778 1425012487.5860 2412 _
211938385015607 -67 33056401930 1425012487.5860 2437 HS-HOME-NET_
211938385015055 -87 33059273134 1425012487.5860 2437 viro-geni-1_
211938385015619 -74 33059273127 1425012487.5860 2437 viro2_
47493331331 -79 33056401925 1425012487.5860 5180 UofM_Secure_
47491269576 -88 33059273114 1425012487.5860 2412 eduroam_
47491269568 -87 33059273099 1425012487.5860 2412 UofM_
47491269574 -87 33059273109 1425012487.5860 2412 _
47491268872 -77 33069522610 1425012487.5860 2462 eduroam_
47491268873 -76 33069522630 1425012487.5860 5785 eduroam_
47491268869 -76 33069522625 1425012487.5860 5785 UofM_Guest_
47491268865 -76 33069522617 1425012487.5860 5785 UofM_
47491268868 -77 33069522604 1425012487.5860 2462 UofM_Guest_
47491268864 -78 33069522601 1425012487.5860 2462 UofM_
47493331328 -84 33056401972 1425012487.5860 2462 UofM_
47492007874 -72 33069522581 1425012487.5860 2412 UofM_Secure_
47492007876 -79 33059592772 1425012487.5860 2412 UofM_Guest_
47491268870 -73 33069522607 1425012487.5860 2462 _
47491269572 -86 33059273104 1425012487.5860 2412 UofM_Guest_
84207466584968 -79 33069522577 1425012487.5860 2412 eduroam_
84207466584960 -80 33069522559 1425012487.5860 2412 UofM_
84207466584964 -79 33069522570 1425012487.5860 2412 UofM_Guest_
84207466584966 -80 33069522573 1425012487.5860 2412 _
84207466584962 -73 33069522566 1425012487.5860 2412 UofM_Secure_
114896623892006 -82 33069522584 1425012487.5860 2437 NAO_
47491959240 -82 33069522598 1425012487.5860 2437 eduroam_
47491268866 -83 33069522614 1425012487.5860 2462 UofM_Secure_
47491959238 -80 33069522594 1425012487.5860 2437 _
47491959236 -81 33069522591 1425012487.5860 2437 UofM_Guest_
47491959232 -81 33069522588 1425012487.5860 2437 UofM_
