47491272320 -82 33405043186 1425012823.1020 2412 UofM_
47491272329 -78 33405043250 1425012823.1020 5745 eduroam_
47491272323 -79 33405043242 1425012823.1020 5745 UofM_Secure_
47491272328 -82 33405043191 1425012823.1020 2412 eduroam_
47491272325 -79 33405043247 1425012823.1020 5745 UofM_Guest_
47491272321 -75 33405043200 1425012823.1020 5745 UofM_
47491271488 -67 33405043203 1425012823.1020 2437 UofM_
47491271491 -62 33405043229 1425012823.1020 5220 UofM_Secure_
47491271497 -66 33405043237 1425012823.1020 5220 eduroam_
47491271489 -66 33405043225 1425012823.1020 5220 UofM_
47491271493 -65 33405043233 1425012823.1020 5220 UofM_Guest_
47491268867 -78 33401544336 1425012823.1020 5785 UofM_Secure_
47491268873 -79 33401544353 1425012823.1020 5785 eduroam_
47491271496 -64 33405043221 1425012823.1020 2437 eduroam_
47491271490 -66 33405043208 1425012823.1020 2437 UofM_Secure_
47491271495 -76 33401544331 1425012823.1020 5220 _
47491268865 -78 33401544347 1425012823.1020 5785 UofM_
47491268869 -78 33401544342 1425012823.1020 5785 UofM_Guest_
47491271492 -66 33405043212 1425012823.1020 2437 UofM_Guest_
47491271494 -66 33405043216 1425012823.1020 2437 _
189441478940488 -88 33405043178 1425012823.1020 2412 eduroam_
189441478940484 -86 33405043183 1425012823.1020 2412 UofM_Guest_
47491272324 -87 33405043195 1425012823.1020 2412 UofM_Guest_
189441478940480 -87 33405043169 1425012823.1020 2412 UofM_
189441478940486 -90 33405043174 1425012823.1020 2412 _
