47491272329 -77 32666658827 1425012084.7250 5745 eduroam_
47491271496 -65 32666658762 1425012084.7250 2437 eduroam_
47491272321 -75 32666658806 1425012084.7250 5745 UofM_
47491271488 -57 32666658703 1425012084.7250 2437 UofM_
47491268872 -80 32666658768 1425012084.7250 2462 eduroam_
47491272328 -80 32660194786 1425012084.7250 2412 eduroam_
47491268868 -79 32660194826 1425012084.7250 2462 UofM_Guest_
47491268870 -79 32660194831 1425012084.7250 2462 _
47491268864 -82 32660194821 1425012084.7250 2462 UofM_
47491271492 -64 32666658716 1425012084.7250 2437 UofM_Guest_
47491272326 -80 32660194782 1425012084.7250 2412 _
47491272320 -78 32660194773 1425012084.7250 2412 UofM_
47491271497 -63 32666658795 1425012084.7250 5220 eduroam_
47491271491 -62 32666658783 1425012084.7250 5220 UofM_Secure_
47491271490 -61 32666658709 1425012084.7250 2437 UofM_Secure_
47491272323 -75 32666658813 1425012084.7250 5745 UofM_Secure_
47491271495 -60 32666658800 1425012084.7250 5220 _
47491271489 -60 32666658775 1425012084.7250 5220 UofM_
47491271493 -61 32666658789 1425012084.7250 5220 UofM_Guest_
47491272327 -77 32660194889 1425012084.7250 5745 _
47491272325 -75 32666658820 1425012084.7250 5745 UofM_Guest_
47491271494 -65 32666658721 1425012084.7250 2437 _
47491272324 -88 32666658697 1425012084.7250 2412 UofM_Guest_
47491328708 -83 32660194817 1425012084.7250 2437 UofM_Guest_
47491328704 -84 32660194812 1425012084.7250 2437 UofM_
189441478940488 -86 32666658691 1425012084.7250 2412 eduroam_
189441478940486 -85 32666658683 1425012084.7250 2412 _
189441478940480 -86 32666658667 1425012084.7250 2412 UofM_
189441478940484 -88 32666658674 1425012084.7250 2412 UofM_Guest_
