189441481136070 -79 32814143710 1425012232.2970 2437 _
189441481136067 -71 32814143757 1425012232.2970 5765 UofM_Secure_
189441481136068 -79 32814143707 1425012232.2970 2437 UofM_Guest_
189441481136073 -70 32814143764 1425012232.2970 5765 eduroam_
47491268872 -87 32810799129 1425012232.2970 2462 eduroam_
189441481136072 -80 32814143716 1425012232.2970 2437 eduroam_
47491272328 -81 32814143702 1425012232.2970 2412 eduroam_
189441481136065 -70 32814143754 1425012232.2970 5765 UofM_
189441481136069 -70 32814143760 1425012232.2970 5765 UofM_Guest_
47491268868 -84 32810799113 1425012232.2970 2462 UofM_Guest_
47491268870 -86 32810799123 1425012232.2970 2462 _
189441481136064 -74 32814143704 1425012232.2970 2437 UofM_
47491268864 -88 32810799118 1425012232.2970 2462 UofM_
47491272320 -80 32814143689 1425012232.2970 2412 UofM_
47491272324 -80 32814143695 1425012232.2970 2412 UofM_Guest_
47491272326 -80 32814143699 1425012232.2970 2412 _
47491272329 -68 32814143748 1425012232.2970 5745 eduroam_
47491272323 -70 32814143740 1425012232.2970 5745 UofM_Secure_
189441481136066 -77 32814143713 1425012232.2970 2437 UofM_Secure_
47491272325 -69 32814143744 1425012232.2970 5745 UofM_Guest_
47491272321 -70 32814143719 1425012232.2970 5745 UofM_
47491272322 -80 32814143692 1425012232.2970 2412 UofM_Secure_
47491272327 -71 32814143751 1425012232.2970 5745 _
