47491268865 -73 33562810484 1425012986.3840 5785 UofM_
47492007872 -83 33568278814 1425012986.3840 2412 UofM_
47492007880 -82 33568278805 1425012986.3840 2412 eduroam_
47492007876 -79 33568278809 1425012986.3840 2412 UofM_Guest_
47492007878 -83 33568278818 1425012986.3840 2412 _
84207466584968 -84 33562810377 1425012986.3840 2412 eduroam_
84207466584960 -84 33562810365 1425012986.3840 2412 UofM_
84207466584964 -87 33562810374 1425012986.3840 2412 UofM_Guest_
162797488891936 -71 33568278823 1425012986.3840 2437 viro-geni-2_
84207466584962 -79 33562810370 1425012986.3840 2412 UofM_Secure_
47492007874 -73 33564917190 1425012986.3840 2412 UofM_Secure_
211938385015055 -70 33568278836 1425012986.3840 2437 viro-geni-1_
211938385015607 -76 33568278832 1425012986.3840 2437 HS-HOME-NET_
47493331329 -78 33568278876 1425012986.3840 5180 UofM_
47491268864 -81 33568278855 1425012986.3840 2462 UofM_
47491268868 -84 33568278859 1425012986.3840 2462 UofM_Guest_
47493331336 -84 33568278851 1425012986.3840 2462 eduroam_
47491268872 -84 33568278866 1425012986.3840 2462 eduroam_
47493331332 -84 33568278844 1425012986.3840 2462 UofM_Guest_
47493331334 -86 33568278848 1425012986.3840 2462 _
47491268873 -74 33562810498 1425012986.3840 5785 eduroam_
47491268867 -74 33562810489 1425012986.3840 5785 UofM_Secure_
47492007875 -81 33568278902 1425012986.3840 5220 UofM_Secure_
47492007881 -81 33564917286 1425012986.3840 5220 eduroam_
47493331337 -80 33568278892 1425012986.3840 5180 eduroam_
47493331331 -78 33568278881 1425012986.3840 5180 UofM_Secure_
47491473992 -82 33562810401 1425012986.3840 2437 eduroam_
47491268869 -72 33562810493 1425012986.3840 5785 UofM_Guest_
47491268871 -75 33562810502 1425012986.3840 5785 _
47492007873 -79 33564917273 1425012986.3840 5220 UofM_
47492007877 -80 33564917282 1425012986.3840 5220 UofM_Guest_
47493331333 -78 33568278887 1425012986.3840 5180 UofM_Guest_
47491268870 -86 33568278862 1425012986.3840 2462 _
47491473988 -82 33562810397 1425012986.3840 2437 UofM_Guest_
47491473984 -83 33562810393 1425012986.3840 2437 UofM_
211938385015619 -71 33568278827 1425012986.3840 2437 viro2_
47493331328 -83 33568278840 1425012986.3840 2462 UofM_
162797488891937 -72 33568278906 1425012986.3840 5765 Linksys19141_5GHz_
47493331330 -81 33568278870 1425012986.3840 2462 UofM_Secure_
47493331335 -78 33568278898 1425012986.3840 5180 _
