189441481136064 -74 33306760804 1425012724.8200 2437 UofM_
189441481136070 -80 33306760815 1425012724.8200 2437 _
189441481136068 -79 33306760811 1425012724.8200 2437 UofM_Guest_
189441481136065 -75 33306760838 1425012724.8200 5765 UofM_
47491268867 -75 33303177708 1425012724.8200 5785 UofM_Secure_
47491268873 -75 33303177716 1425012724.8200 5785 eduroam_
47491268872 -76 33303177680 1425012724.8200 2462 eduroam_
47491268869 -74 33303177712 1425012724.8200 5785 UofM_Guest_
47491268865 -76 33303177705 1425012724.8200 5785 UofM_
47491268864 -76 33303177672 1425012724.8200 2462 UofM_
47491268868 -76 33303177665 1425012724.8200 2462 UofM_Guest_
47491272329 -71 33306760834 1425012724.8200 5745 eduroam_
47491272323 -71 33306760827 1425012724.8200 5745 UofM_Secure_
47491268866 -79 33303177676 1425012724.8200 2462 UofM_Secure_
47491272321 -71 33306760823 1425012724.8200 5745 UofM_
47491272325 -70 33306760831 1425012724.8200 5745 UofM_Guest_
47491268870 -80 33303177668 1425012724.8200 2462 _
189441481136067 -73 33306760842 1425012724.8200 5765 UofM_Secure_
189441481136073 -76 33306760850 1425012724.8200 5765 eduroam_
189441481136072 -80 33306760819 1425012724.8200 2437 eduroam_
189441481136066 -80 33306760807 1425012724.8200 2437 UofM_Secure_
47491272322 -82 33306760789 1425012724.8200 2412 UofM_Secure_
47491272328 -83 33306760800 1425012724.8200 2412 eduroam_
189441481136071 -75 33306760855 1425012724.8200 5765 _
189441481136069 -76 33306760846 1425012724.8200 5765 UofM_Guest_
47491272324 -82 33306760792 1425012724.8200 2412 UofM_Guest_
47491272320 -84 33306760785 1425012724.8200 2412 UofM_
47491272326 -85 33306760796 1425012724.8200 2412 _
