47491272320 -79 33411993105 1425012830.0530 2412 UofM_
47491272329 -68 33411993168 1425012830.0530 5745 eduroam_
47491272323 -66 33411993159 1425012830.0530 5745 UofM_Secure_
47491272328 -78 33411993124 1425012830.0530 2412 eduroam_
47491272325 -66 33411993163 1425012830.0530 5745 UofM_Guest_
47491272321 -67 33411993127 1425012830.0530 5745 UofM_
47491271488 -83 33411993135 1425012830.0530 2437 UofM_
47491271491 -74 33408525912 1425012830.0530 5220 UofM_Secure_
47491271497 -81 33411993156 1425012830.0530 5220 eduroam_
47491271489 -74 33408525908 1425012830.0530 5220 UofM_
47491271493 -80 33411993153 1425012830.0530 5220 UofM_Guest_
47491271496 -82 33411993149 1425012830.0530 2437 eduroam_
47491271490 -70 33408525890 1425012830.0530 2437 UofM_Secure_
47491271492 -84 33411993138 1425012830.0530 2437 UofM_Guest_
47491271494 -82 33411993142 1425012830.0530 2437 _
47491272324 -77 33411993110 1425012830.0530 2412 UofM_Guest_
47491272327 -69 33411993171 1425012830.0530 5745 _
47491272326 -79 33411993115 1425012830.0530 2412 _
