47492007872 -84 33164820693 1425012592.7380 2412 UofM_
47491268870 -77 33174628664 1425012592.7380 2462 _
47491268868 -74 33174628661 1425012592.7380 2462 UofM_Guest_
47491268864 -77 33174628655 1425012592.7380 2462 UofM_
47491268872 -77 33174628667 1425012592.7380 2462 eduroam_
47491268867 -61 33167485892 1425012592.7380 5785 UofM_Secure_
47491268873 -74 33174628700 1425012592.7380 5785 eduroam_
47491268869 -62 33167485897 1425012592.7380 5785 UofM_Guest_
47491268865 -62 33167485886 1425012592.7380 5785 UofM_
47491959241 -78 33167030384 1425012592.7380 5180 eduroam_
47491959235 -78 33167030364 1425012592.7380 5180 UofM_Secure_
47491271496 -78 33174628635 1425012592.7380 2437 eduroam_
47491959233 -81 33167485918 1425012592.7380 5180 UofM_
47491959237 -77 33167030375 1425012592.7380 5180 UofM_Guest_
47491271494 -79 33174628632 1425012592.7380 2437 _
47491271488 -78 33174628624 1425012592.7380 2437 UofM_
47491271492 -77 33174628627 1425012592.7380 2437 UofM_Guest_
47491271497 -78 33174628683 1425012592.7380 5220 eduroam_
47491271491 -79 33174628674 1425012592.7380 5220 UofM_Secure_
47491271489 -79 33174628670 1425012592.7380 5220 UofM_
47491271493 -77 33174628678 1425012592.7380 5220 UofM_Guest_
47492007880 -88 33164820699 1425012592.7380 2412 eduroam_
47492007876 -86 33164820696 1425012592.7380 2412 UofM_Guest_
189441481136072 -80 33174628652 1425012592.7380 2437 eduroam_
47491959239 -79 33167030379 1425012592.7380 5180 _
47491268871 -65 33167485903 1425012592.7380 5785 _
189441481136070 -84 33174628649 1425012592.7380 2437 _
189441481136066 -82 33170537630 1425012592.7380 2437 UofM_Secure_
47491328712 -85 33168068710 1425012592.7380 2437 eduroam_
47491328708 -87 33174628640 1425012592.7380 2437 UofM_Guest_
189441481136064 -81 33174628643 1425012592.7380 2437 UofM_
189441481136068 -84 33174628646 1425012592.7380 2437 UofM_Guest_
47491328704 -86 33174628638 1425012592.7380 2437 UofM_
47491268866 -71 33174628658 1425012592.7380 2462 UofM_Secure_
47491272329 -77 33174628696 1425012592.7380 5745 eduroam_
47491272323 -78 33174628688 1425012592.7380 5745 UofM_Secure_
47491328713 -78 33174628711 1425012592.7380 5785 eduroam_
47491272322 -80 33174628610 1425012592.7380 2412 UofM_Secure_
47491272328 -82 33174628620 1425012592.7380 2412 eduroam_
47489366216 -87 33174628604 1425012592.7380 2412 eduroam_
47491328709 -76 33174628706 1425012592.7380 5785 UofM_Guest_
47491272325 -77 33174628692 1425012592.7380 5745 UofM_Guest_
47491328705 -78 33174628703 1425012592.7380 5785 UofM_
47491272324 -80 33174628613 1425012592.7380 2412 UofM_Guest_
47491272326 -82 33174628617 1425012592.7380 2412 _
47491272320 -82 33174628606 1425012592.7380 2412 UofM_
47489366208 -87 33174628595 1425012592.7380 2412 UofM_
47489366212 -87 33174628598 1425012592.7380 2412 UofM_Guest_
47489366214 -89 33174628601 1425012592.7380 2412 _
