47491272328 -81 32932147972 1425012350.2190 2412 eduroam_
47491272320 -81 32932147952 1425012350.2190 2412 UofM_
47491272324 -79 32932147956 1425012350.2190 2412 UofM_Guest_
47491272326 -81 32932147963 1425012350.2190 2412 _
47491272322 -73 32932147989 1425012350.2190 2412 UofM_Secure_
47491272329 -74 32932148052 1425012350.2190 5745 eduroam_
47491272323 -77 32932148041 1425012350.2190 5745 UofM_Secure_
47491272325 -76 32932148047 1425012350.2190 5745 UofM_Guest_
47491272321 -75 32932148037 1425012350.2190 5745 UofM_
47491271496 -67 32932148003 1425012350.2190 2437 eduroam_
47491271492 -69 32932147979 1425012350.2190 2437 UofM_Guest_
47491271494 -67 32932147984 1425012350.2190 2437 _
47491271488 -67 32932147995 1425012350.2190 2437 UofM_
47491271497 -71 32932148030 1425012350.2190 5220 eduroam_
47491271491 -71 32932148018 1425012350.2190 5220 UofM_Secure_
47491271489 -72 32932148014 1425012350.2190 5220 UofM_
47491271493 -71 32932148024 1425012350.2190 5220 UofM_Guest_
47491271490 -67 32932148009 1425012350.2190 2437 UofM_Secure_
47491268872 -88 32928593225 1425012350.2190 2462 eduroam_
189441478940483 -77 32932148057 1425012350.2190 5785 UofM_Secure_
189441478940489 -79 32932148061 1425012350.2190 5785 eduroam_
189441478940482 -79 32932147947 1425012350.2190 2412 UofM_Secure_
189441478940488 -84 32932147938 1425012350.2190 2412 eduroam_
189441478940486 -82 32932147933 1425012350.2190 2412 _
189441478940484 -83 32932147927 1425012350.2190 2412 UofM_Guest_
189441478940480 -83 32932147943 1425012350.2190 2412 UofM_
