47491272320 -57 33429303300 1425012847.3640 2412 UofM_
47491272329 -63 33429303352 1425012847.3640 5745 eduroam_
47491272323 -62 33429303343 1425012847.3640 5745 UofM_Secure_
47491272328 -57 33429303290 1425012847.3640 2412 eduroam_
47491272325 -60 33429303348 1425012847.3640 5745 UofM_Guest_
47491272321 -55 33429303295 1425012847.3640 5745 UofM_
47491272324 -58 33429303305 1425012847.3640 2412 UofM_Guest_
47491272326 -57 33429303309 1425012847.3640 2412 _
189441481136073 -64 33429303377 1425012847.3640 5765 eduroam_
189441481136067 -64 33429303367 1425012847.3640 5765 UofM_Secure_
189441481136065 -59 33429303362 1425012847.3640 5765 UofM_
189441481136069 -62 33429303372 1425012847.3640 5765 UofM_Guest_
189441481136064 -62 33429303315 1425012847.3640 2437 UofM_
189441481136072 -67 33429303337 1425012847.3640 2437 eduroam_
189441481136068 -67 33429303326 1425012847.3640 2437 UofM_Guest_
189441481136070 -62 33429303332 1425012847.3640 2437 _
47491272322 -49 33425842955 1425012847.3640 2412 UofM_Secure_
189441481136066 -67 33429303320 1425012847.3640 2437 UofM_Secure_
47491268873 -79 33429303401 1425012847.3640 5785 eduroam_
47491268867 -79 33429303391 1425012847.3640 5785 UofM_Secure_
47491272327 -66 33429303357 1425012847.3640 5745 _
47491268865 -78 33429303383 1425012847.3640 5785 UofM_
47491268871 -79 33429303407 1425012847.3640 5785 _
47491268869 -81 33429303396 1425012847.3640 5785 UofM_Guest_
