47491272328 -64 32942806917 1425012360.8690 2412 eduroam_
47491272320 -64 32942806900 1425012360.8690 2412 UofM_
47491272324 -64 32942806908 1425012360.8690 2412 UofM_Guest_
47491272326 -66 32942806912 1425012360.8690 2412 _
47491272322 -54 32942806904 1425012360.8690 2412 UofM_Secure_
47491272329 -56 32942806959 1425012360.8690 5745 eduroam_
47491272323 -54 32942806949 1425012360.8690 5745 UofM_Secure_
47491272325 -55 32942806956 1425012360.8690 5745 UofM_Guest_
47491272321 -54 32942806945 1425012360.8690 5745 UofM_
47491271496 -79 32939242414 1425012360.8690 2437 eduroam_
47491271492 -81 32939242405 1425012360.8690 2437 UofM_Guest_
47491271494 -81 32939242409 1425012360.8690 2437 _
47491271488 -82 32939242399 1425012360.8690 2437 UofM_
189441481136073 -66 32942806974 1425012360.8690 5765 eduroam_
189441481136067 -67 32942806967 1425012360.8690 5765 UofM_Secure_
189441481136069 -69 32942806971 1425012360.8690 5765 UofM_Guest_
189441481136071 -76 32939242470 1425012360.8690 5765 _
189441481136065 -64 32942806963 1425012360.8690 5765 UofM_
189441481136072 -73 32942806938 1425012360.8690 2437 eduroam_
189441481136066 -75 32942806941 1425012360.8690 2437 UofM_Secure_
189441481136068 -75 32942806930 1425012360.8690 2437 UofM_Guest_
189441481136070 -76 32942806934 1425012360.8690 2437 _
189441481136064 -78 32942806921 1425012360.8690 2437 UofM_
