47491268873 -48 32620412981 1425012038.4750 5785 eduroam_
47491268867 -48 32620412971 1425012038.4750 5785 UofM_Secure_
47491268869 -48 32620412976 1425012038.4750 5785 UofM_Guest_
47491268865 -39 32620412855 1425012038.4750 5785 UofM_
47491268870 -52 32620412908 1425012038.4750 2462 _
47491268868 -53 32620412904 1425012038.4750 2462 UofM_Guest_
47491268872 -53 32620412912 1425012038.4750 2462 eduroam_
47491268864 -52 32620412900 1425012038.4750 2462 UofM_
47491271496 -78 32620412895 1425012038.4750 2437 eduroam_
47491959240 -67 32620412878 1425012038.4750 2437 eduroam_
47491959232 -67 32620412874 1425012038.4750 2437 UofM_
47491959236 -66 32620412846 1425012038.4750 2437 UofM_Guest_
47491271492 -76 32620412887 1425012038.4750 2437 UofM_Guest_
47491959238 -68 32620412851 1425012038.4750 2437 _
47491271494 -78 32620412891 1425012038.4750 2437 _
47491959235 -73 32620412925 1425012038.4750 5180 UofM_Secure_
47491271491 -79 32620412951 1425012038.4750 5220 UofM_Secure_
47491959241 -74 32620412935 1425012038.4750 5180 eduroam_
47491271497 -79 32620412945 1425012038.4750 5220 eduroam_
47491959233 -73 32620412921 1425012038.4750 5180 UofM_
47491959237 -73 32620412930 1425012038.4750 5180 UofM_Guest_
47491271488 -71 32616944873 1425012038.4750 2437 UofM_
47491271489 -83 32620412966 1425012038.4750 5220 UofM_
47491271493 -81 32620412956 1425012038.4750 5220 UofM_Guest_
47492007876 -86 32620412837 1425012038.4750 2412 UofM_Guest_
47491271490 -69 32620412882 1425012038.4750 2437 UofM_Secure_
47491271495 -80 32620412961 1425012038.4750 5220 _
47491959239 -74 32620412939 1425012038.4750 5180 _
47491268866 -52 32620412916 1425012038.4750 2462 UofM_Secure_
47491473992 -83 32620412869 1425012038.4750 2437 eduroam_
47492007880 -86 32620412842 1425012038.4750 2412 eduroam_
47491473984 -83 32620412860 1425012038.4750 2437 UofM_
47491473988 -84 32620412865 1425012038.4750 2437 UofM_Guest_
