47491272320 -63 33394573500 1425012816.1200 2412 UofM_
47491272329 -80 33398058470 1425012816.1200 5745 eduroam_
47491272323 -79 33398058460 1425012816.1200 5745 UofM_Secure_
47491272328 -85 33398058428 1425012816.1200 2412 eduroam_
47491272325 -78 33398058465 1425012816.1200 5745 UofM_Guest_
47491272321 -77 33398058433 1425012816.1200 5745 UofM_
47491272324 -85 33394573516 1425012816.1200 2412 UofM_Guest_
47491272326 -63 33394573506 1425012816.1200 2412 _
47491272327 -78 33394573544 1425012816.1200 5745 _
47491271488 -83 33394573525 1425012816.1200 2437 UofM_
47491271491 -79 33398058455 1425012816.1200 5220 UofM_Secure_
47491271497 -81 33398058450 1425012816.1200 5220 eduroam_
47491271489 -79 33398058439 1425012816.1200 5220 UofM_
47491271493 -80 33398058445 1425012816.1200 5220 UofM_Guest_
