47491268867 -74 33030163867 1425012454.3960 5785 UofM_Secure_
162797488891936 -63 33035933078 1425012454.3960 2437 viro-geni-2_
47492007880 -82 33033691844 1425012454.3960 2412 eduroam_
47492007872 -87 33036221989 1425012454.3960 2412 UofM_
47492007878 -87 33036221995 1425012454.3960 2412 _
47492007876 -81 33033691832 1425012454.3960 2412 UofM_Guest_
211938385015607 -61 33035933097 1425012454.3960 2437 HS-HOME-NET_
211938385015055 -76 33035933107 1425012454.3960 2437 viro-geni-1_
211938385015619 -64 33035933088 1425012454.3960 2437 viro2_
162797488891937 -68 33033691897 1425012454.3960 5765 Linksys19141_5GHz_
47493331337 -72 33036221966 1425012454.3960 5180 eduroam_
47493331331 -71 33036221942 1425012454.3960 5180 UofM_Secure_
47491269576 -77 33036222025 1425012454.3960 2412 eduroam_
2297084420154 -66 33036221982 1425012454.3960 2412 DIRECT-_
47493331329 -72 33036221933 1425012454.3960 5180 UofM_
47493331333 -71 33036221952 1425012454.3960 5180 UofM_Guest_
47491269570 -74 33036222006 1425012454.3960 2412 UofM_Secure_
47493331335 -74 33036221972 1425012454.3960 5180 _
47491269568 -74 33036222000 1425012454.3960 2412 UofM_
47491269574 -78 33036222018 1425012454.3960 2412 _
47491269572 -76 33036222012 1425012454.3960 2412 UofM_Guest_
