47491272329 -79 32718557440 1425012136.6170 5745 eduroam_
47491272321 -76 32715001827 1425012136.6170 5745 UofM_
47491272328 -80 32718557395 1425012136.6170 2412 eduroam_
47491272326 -78 32718557392 1425012136.6170 2412 _
47491272320 -78 32718557382 1425012136.6170 2412 UofM_
47491272323 -76 32715001832 1425012136.6170 5745 UofM_Secure_
47491272325 -76 32715001837 1425012136.6170 5745 UofM_Guest_
47491272324 -79 32718557389 1425012136.6170 2412 UofM_Guest_
189441481136067 -69 32718557446 1425012136.6170 5765 UofM_Secure_
189441481136073 -71 32718557457 1425012136.6170 5765 eduroam_
189441481136065 -72 32718557443 1425012136.6170 5765 UofM_
189441481136069 -69 32718557454 1425012136.6170 5765 UofM_Guest_
189441481136068 -65 32718557403 1425012136.6170 2437 UofM_Guest_
47491272322 -79 32718557386 1425012136.6170 2412 UofM_Secure_
189441481136072 -65 32718557410 1425012136.6170 2437 eduroam_
189441481136064 -65 32718557399 1425012136.6170 2437 UofM_
189441481136070 -64 32718557406 1425012136.6170 2437 _
47494398600 -83 32715001822 1425012136.6170 2462 eduroam_
47494398596 -78 32715001812 1425012136.6170 2462 UofM_Guest_
47494398592 -79 32715001801 1425012136.6170 2462 UofM_
189441481136071 -71 32715001866 1425012136.6170 5765 _
47494398598 -79 32715001817 1425012136.6170 2462 _
189441481136066 -66 32718557423 1425012136.6170 2437 UofM_Secure_
47494398594 -81 32715001807 1425012136.6170 2462 UofM_Secure_
47491959240 -78 32718557420 1425012136.6170 2437 eduroam_
47491959234 -82 32718557427 1425012136.6170 2437 UofM_Secure_
47491959232 -78 32718557414 1425012136.6170 2437 UofM_
47491959236 -80 32718557433 1425012136.6170 2437 UofM_Guest_
47491959238 -84 32718557417 1425012136.6170 2437 _
