189441481136064 -69 33346159594 1425012764.2230 2437 UofM_
189441481136070 -72 33346159608 1425012764.2230 2437 _
47491272329 -77 33346159633 1425012764.2230 5745 eduroam_
189441481136073 -58 33342594370 1425012764.2230 5765 eduroam_
189441481136072 -67 33346159613 1425012764.2230 2437 eduroam_
47491272328 -70 33346159589 1425012764.2230 2412 eduroam_
189441481136069 -79 33346159637 1425012764.2230 5765 UofM_Guest_
47491272320 -71 33346159575 1425012764.2230 2412 UofM_
47491272323 -78 33346159623 1425012764.2230 5745 UofM_Secure_
47491272321 -77 33346159618 1425012764.2230 5745 UofM_
47491272325 -78 33346159628 1425012764.2230 5745 UofM_Guest_
189441481136067 -56 33342594359 1425012764.2230 5765 UofM_Secure_
189441481136071 -58 33342594374 1425012764.2230 5765 _
189441481136065 -58 33342594353 1425012764.2230 5765 UofM_
189441481136068 -74 33346159603 1425012764.2230 2437 UofM_Guest_
189441481136066 -70 33346159598 1425012764.2230 2437 UofM_Secure_
47491272324 -68 33346159579 1425012764.2230 2412 UofM_Guest_
47491272326 -73 33346159584 1425012764.2230 2412 _
47491268864 -92 33342594317 1425012764.2230 2462 UofM_
