189441481136070 -64 32843993009 1425012262.0570 2437 _
189441481136068 -63 32843993005 1425012262.0570 2437 UofM_Guest_
189441481136072 -59 32843993013 1425012262.0570 2437 eduroam_
47491272328 -66 32843992990 1425012262.0570 2412 eduroam_
189441481136064 -64 32843992994 1425012262.0570 2437 UofM_
47491272320 -64 32843992978 1425012262.0570 2412 UofM_
47491272324 -63 32843992982 1425012262.0570 2412 UofM_Guest_
47491272326 -65 32843992986 1425012262.0570 2412 _
47491272329 -71 32843993024 1425012262.0570 5745 eduroam_
47491272323 -61 32843992998 1425012262.0570 5745 UofM_Secure_
47491272325 -71 32843993020 1425012262.0570 5745 UofM_Guest_
47491272321 -72 32843993016 1425012262.0570 5745 UofM_
47491272327 -69 32840513775 1425012262.0570 5745 _
189441481136073 -75 32843993039 1425012262.0570 5765 eduroam_
189441481136067 -76 32843993034 1425012262.0570 5765 UofM_Secure_
189441481136066 -64 32843993001 1425012262.0570 2437 UofM_Secure_
189441481136065 -76 32843993031 1425012262.0570 5765 UofM_
189441481136069 -76 32843993027 1425012262.0570 5765 UofM_Guest_
47491272322 -73 32840513693 1425012262.0570 2412 UofM_Secure_
