47491268867 -61 33000099071 1425012418.1610 5785 UofM_Secure_
47491268873 -66 33000099159 1425012418.1610 5785 eduroam_
47491268869 -67 33000099155 1425012418.1610 5785 UofM_Guest_
47491268865 -68 33000099149 1425012418.1610 5785 UofM_
47491268864 -80 33000099075 1425012418.1610 2462 UofM_
47491268872 -83 33000099111 1425012418.1610 2462 eduroam_
47491268870 -80 33000099105 1425012418.1610 2462 _
47491268871 -68 33000099165 1425012418.1610 5785 _
47492007881 -72 33000099142 1425012418.1610 5220 eduroam_
47492007875 -71 33000099126 1425012418.1610 5220 UofM_Secure_
47491268866 -78 33000099093 1425012418.1610 2462 UofM_Secure_
47492007873 -72 33000099117 1425012418.1610 5220 UofM_
47492007877 -72 33000099133 1425012418.1610 5220 UofM_Guest_
47491268868 -82 33000099099 1425012418.1610 2462 UofM_Guest_
114896623892006 -86 33000099046 1425012418.1610 2437 NAO_
84207466584968 -86 33000099032 1425012418.1610 2412 eduroam_
84207466584960 -85 33000099007 1425012418.1610 2412 UofM_
84207466584964 -82 33000099025 1425012418.1610 2412 UofM_Guest_
211938385015619 -83 33000099066 1425012418.1610 2437 viro2_
162797488891937 -78 32996613998 1425012418.1610 5765 Linksys19141_5GHz_
47491959240 -81 32996613950 1425012418.1610 2437 eduroam_
47491959232 -79 32996613941 1425012418.1610 2437 UofM_
47491959236 -80 32996613945 1425012418.1610 2437 UofM_Guest_
9354243434176 -81 32996613934 1425012418.1610 2437 UofM_
162797488891936 -75 33000099039 1425012418.1610 2437 viro-geni-2_
211938385015607 -78 33000099054 1425012418.1610 2437 HS-HOME-NET_
211938385015055 -80 33000099060 1425012418.1610 2437 viro-geni-1_
84207466584962 -83 33000099017 1425012418.1610 2412 UofM_Secure_
47493331336 -87 33000099089 1425012418.1610 2462 eduroam_
47493331328 -86 33000099080 1425012418.1610 2462 UofM_
47493331332 -87 33000099085 1425012418.1610 2462 UofM_Guest_
