162797488891936 -86 33118692496 1425012540.3130 2437 viro-geni-2_
84207466584968 -89 33122253453 1425012540.3130 2412 eduroam_
84207466584960 -90 33122253449 1425012540.3130 2412 UofM_
84207466584966 -87 33118692444 1425012540.3130 2412 _
47492007872 -74 33122253457 1425012540.3130 2412 UofM_
47491268870 -70 33122253496 1425012540.3130 2462 _
47491268868 -69 33122253493 1425012540.3130 2462 UofM_Guest_
47491268864 -68 33122253489 1425012540.3130 2462 UofM_
47491268872 -71 33122253500 1425012540.3130 2462 eduroam_
211938385015607 -86 33122253479 1425012540.3130 2437 HS-HOME-NET_
211938385015619 -85 33122253482 1425012540.3130 2437 viro2_
47491268867 -70 33122253507 1425012540.3130 5785 UofM_Secure_
47491268873 -68 33122253515 1425012540.3130 5785 eduroam_
47492007875 -80 33118692512 1425012540.3130 5220 UofM_Secure_
47492007881 -81 33118692526 1425012540.3130 5220 eduroam_
47491473986 -75 33122253476 1425012540.3130 2437 UofM_Secure_
47491473992 -81 33122253472 1425012540.3130 2437 eduroam_
47491268869 -71 33122253511 1425012540.3130 5785 UofM_Guest_
47491268865 -69 33122253504 1425012540.3130 5785 UofM_
47492007877 -80 33118692519 1425012540.3130 5220 UofM_Guest_
47492007873 -80 33118692533 1425012540.3130 5220 UofM_
47492007879 -83 33118692539 1425012540.3130 5220 _
47491473988 -81 33122253464 1425012540.3130 2437 UofM_Guest_
47491473984 -81 33122253461 1425012540.3130 2437 UofM_
47491473990 -85 33122253468 1425012540.3130 2437 _
47491328704 -82 33122253486 1425012540.3130 2437 UofM_
