162797488891936 -81 32488815281 1425011907.2140 2437 viro-geni-2_
47491268864 -87 32486568856 1425011907.2140 2462 UofM_
47492007872 -81 32488815261 1425011907.2140 2412 UofM_
47491268868 -84 32486568864 1425011907.2140 2462 UofM_Guest_
47491268865 -70 32483062368 1425011907.2140 5785 UofM_
84207466584962 -72 32489108838 1425011907.2140 2412 UofM_Secure_
84207466584968 -72 32489108847 1425011907.2140 2412 eduroam_
114896623892006 -71 32489108851 1425011907.2140 2437 NAO_
84207466584966 -79 32489108844 1425011907.2140 2412 _
84207466584964 -74 32489108841 1425011907.2140 2412 UofM_Guest_
84207466584960 -74 32489108835 1425011907.2140 2412 UofM_
189441481137412 -82 32489108857 1425011907.2140 2437 UofM_Guest_
47491959236 -87 32486568849 1425011907.2140 2437 UofM_Guest_
47491959237 -81 32488815305 1425011907.2140 5180 UofM_Guest_
189441481137408 -77 32489108854 1425011907.2140 2437 UofM_
189441481137410 -74 32489108866 1425011907.2140 2437 UofM_Secure_
189441481137416 -79 32489108863 1425011907.2140 2437 eduroam_
189441481137414 -84 32489108860 1425011907.2140 2437 _
