189441481136070 -78 32847495345 1425012265.5550 2437 _
189441481136068 -69 32847495340 1425012265.5550 2437 UofM_Guest_
189441481136072 -71 32847495353 1425012265.5550 2437 eduroam_
47491272328 -76 32847495294 1425012265.5550 2412 eduroam_
189441481136064 -76 32847495328 1425012265.5550 2437 UofM_
47491272320 -78 32847495310 1425012265.5550 2412 UofM_
47491272324 -79 32847495319 1425012265.5550 2412 UofM_Guest_
47491272326 -76 32847495288 1425012265.5550 2412 _
47491272329 -71 32843993024 1425012265.5550 5745 eduroam_
47491272323 -74 32847495304 1425012265.5550 5745 UofM_Secure_
47491272325 -71 32843993020 1425012265.5550 5745 UofM_Guest_
47491272321 -72 32843993016 1425012265.5550 5745 UofM_
189441481136073 -75 32843993039 1425012265.5550 5765 eduroam_
189441481136067 -76 32843993034 1425012265.5550 5765 UofM_Secure_
189441481136066 -72 32847495334 1425012265.5550 2437 UofM_Secure_
189441481136065 -76 32843993031 1425012265.5550 5765 UofM_
189441481136069 -76 32843993027 1425012265.5550 5765 UofM_Guest_
