47491268870 -77 33174628664 1425012601.2340 2462 _
47491268868 -74 33174628661 1425012601.2340 2462 UofM_Guest_
47491268864 -77 33174628655 1425012601.2340 2462 UofM_
47491268872 -77 33174628667 1425012601.2340 2462 eduroam_
47491268873 -74 33174628700 1425012601.2340 5785 eduroam_
47491271496 -65 33183074011 1425012601.2340 2437 eduroam_
47491271494 -69 33183074003 1425012601.2340 2437 _
47491271488 -68 33183073981 1425012601.2340 2437 UofM_
47491271492 -67 33183073996 1425012601.2340 2437 UofM_Guest_
47491271497 -67 33183074019 1425012601.2340 5220 eduroam_
47491271491 -68 33183074034 1425012601.2340 5220 UofM_Secure_
47491271489 -69 33183074026 1425012601.2340 5220 UofM_
47491271493 -69 33183074042 1425012601.2340 5220 UofM_Guest_
47491268866 -71 33174628658 1425012601.2340 2462 UofM_Secure_
47491272329 -77 33174628696 1425012601.2340 5745 eduroam_
47491272323 -78 33174628688 1425012601.2340 5745 UofM_Secure_
47491328713 -78 33174628711 1425012601.2340 5785 eduroam_
47491272322 -78 33182701647 1425012601.2340 2412 UofM_Secure_
47491272328 -80 33182701661 1425012601.2340 2412 eduroam_
47491328709 -76 33174628706 1425012601.2340 5785 UofM_Guest_
47491272325 -77 33174628692 1425012601.2340 5745 UofM_Guest_
47491328705 -78 33174628703 1425012601.2340 5785 UofM_
47491272324 -78 33182701652 1425012601.2340 2412 UofM_Guest_
47491272326 -80 33182701656 1425012601.2340 2412 _
47491272320 -81 33182701641 1425012601.2340 2412 UofM_
189441478940488 -89 33182701666 1425012601.2340 2412 eduroam_
189441478940484 -85 33182701635 1425012601.2340 2412 UofM_Guest_
189441478940480 -86 33182701625 1425012601.2340 2412 UofM_
47491271490 -67 33183073989 1425012601.2340 2437 UofM_Secure_
