47492007872 -81 33150597998 1425012568.6610 2412 UofM_
47491268870 -53 33150598049 1425012568.6610 2462 _
47491268868 -51 33150598043 1425012568.6610 2462 UofM_Guest_
47491268864 -50 33150598037 1425012568.6610 2462 UofM_
47491268872 -53 33150598054 1425012568.6610 2462 eduroam_
47491268867 -52 33150598094 1425012568.6610 5785 UofM_Secure_
47491268873 -53 33150598109 1425012568.6610 5785 eduroam_
47491268869 -54 33150598101 1425012568.6610 5785 UofM_Guest_
47491268865 -53 33150598088 1425012568.6610 5785 UofM_
47491268866 -52 33150598059 1425012568.6610 2462 UofM_Secure_
47491473992 -86 33147034626 1425012568.6610 2437 eduroam_
47491473988 -83 33150598004 1425012568.6610 2437 UofM_Guest_
47491959238 -81 33150598029 1425012568.6610 2437 _
47491959236 -80 33150598024 1425012568.6610 2437 UofM_Guest_
47491959241 -76 33150598081 1425012568.6610 5180 eduroam_
47491959235 -77 33150598070 1425012568.6610 5180 UofM_Secure_
47491959234 -70 33147034667 1425012568.6610 2437 UofM_Secure_
47491959240 -70 33150598018 1425012568.6610 2437 eduroam_
47491271490 -78 33147034661 1425012568.6610 2437 UofM_Secure_
47491271496 -82 33150597991 1425012568.6610 2437 eduroam_
47491959233 -77 33150598064 1425012568.6610 5180 UofM_
47491959237 -77 33150598076 1425012568.6610 5180 UofM_Guest_
47491959239 -76 33147034712 1425012568.6610 5180 _
47491959232 -71 33150598011 1425012568.6610 2437 UofM_
47491271494 -85 33150597983 1425012568.6610 2437 _
47491271488 -82 33147034637 1425012568.6610 2437 UofM_
47491271492 -83 33147034642 1425012568.6610 2437 UofM_Guest_
