47491269571 -80 32461511904 1425011887.2420 5220 UofM_Secure_
211938385015607 -63 32469129071 1425011887.2420 2437 HS-HOME-NET_
162797488891936 -67 32469129088 1425011887.2420 2437 viro-geni-2_
211938385015055 -75 32469129080 1425011887.2420 2437 viro-geni-1_
47491269576 -83 32469129062 1425011887.2420 2412 eduroam_
47493331337 -81 32464562487 1425011887.2420 5180 eduroam_
47493331331 -82 32464562478 1425011887.2420 5180 UofM_Secure_
211938385015619 -65 32469129083 1425011887.2420 2437 viro2_
47491269568 -79 32469129035 1425011887.2420 2412 UofM_
47493331333 -80 32464562483 1425011887.2420 5180 UofM_Guest_
47493331329 -82 32464562474 1425011887.2420 5180 UofM_
47493331334 -83 32469129138 1425011887.2420 2462 _
47493331328 -84 32469129131 1425011887.2420 2462 UofM_
47493331332 -85 32469129135 1425011887.2420 2462 UofM_Guest_
47493331336 -85 32469129142 1425011887.2420 2462 eduroam_
47491268864 -83 32469129098 1425011887.2420 2462 UofM_
47491268873 -79 32469129150 1425011887.2420 5785 eduroam_
47491268867 -79 32469129146 1425011887.2420 5785 UofM_Secure_
47491269570 -75 32469129038 1425011887.2420 2412 UofM_Secure_
47491268866 -83 32469129127 1425011887.2420 2462 UofM_Secure_
47491268872 -83 32469129123 1425011887.2420 2462 eduroam_
47492007880 -84 32469129030 1425011887.2420 2412 eduroam_
47491269572 -79 32469129043 1425011887.2420 2412 UofM_Guest_
47491269574 -80 32469129052 1425011887.2420 2412 _
47492007876 -82 32469129027 1425011887.2420 2412 UofM_Guest_
47492007872 -83 32469129022 1425011887.2420 2412 UofM_
47491268868 -84 32469129108 1425011887.2420 2462 UofM_Guest_
47491268870 -85 32469129115 1425011887.2420 2462 _
