47492007872 -82 32589196310 1425012007.2660 2412 UofM_
84207466584960 -86 32585729162 1425012007.2660 2412 UofM_
47492007880 -84 32589196314 1425012007.2660 2412 eduroam_
47492007876 -82 32589196322 1425012007.2660 2412 UofM_Guest_
162797488891936 -85 32589196351 1425012007.2660 2437 viro-geni-2_
47491268873 -76 32589196408 1425012007.2660 5785 eduroam_
47491268867 -73 32589196398 1425012007.2660 5785 UofM_Secure_
47491268869 -73 32589196404 1425012007.2660 5785 UofM_Guest_
47491268865 -55 32589196318 1425012007.2660 5785 UofM_
47491268870 -73 32589196371 1425012007.2660 2462 _
47492007878 -85 32589196329 1425012007.2660 2412 _
47491268868 -70 32589196363 1425012007.2660 2462 UofM_Guest_
211938385015607 -79 32585729205 1425012007.2660 2437 HS-HOME-NET_
47492007874 -77 32585729188 1425012007.2660 2412 UofM_Secure_
84207466584968 -84 32585729178 1425012007.2660 2412 eduroam_
84207466584964 -86 32585729175 1425012007.2660 2412 UofM_Guest_
47491268872 -70 32589196375 1425012007.2660 2462 eduroam_
9354243434185 -81 32585729259 1425012007.2660 5785 eduroam_
9354243434179 -82 32585729249 1425012007.2660 5785 UofM_Secure_
47491473992 -84 32589196359 1425012007.2660 2437 eduroam_
47491473986 -81 32585729211 1425012007.2660 2437 UofM_Secure_
84207466584962 -84 32585729181 1425012007.2660 2412 UofM_Secure_
47491269576 -90 32585729172 1425012007.2660 2412 eduroam_
47491268864 -69 32589196355 1425012007.2660 2462 UofM_
9354243434181 -81 32585729252 1425012007.2660 5785 UofM_Guest_
9354243434183 -82 32585729256 1425012007.2660 5785 _
47491473988 -79 32585729214 1425012007.2660 2437 UofM_Guest_
47491473984 -79 32585729208 1425012007.2660 2437 UofM_
47491269572 -87 32585729168 1425012007.2660 2412 UofM_Guest_
47491269568 -87 32585729165 1425012007.2660 2412 UofM_
47492007875 -74 32589196383 1425012007.2660 5220 UofM_Secure_
47492007881 -75 32589196391 1425012007.2660 5220 eduroam_
9354243434178 -78 32589196337 1425012007.2660 2437 UofM_Secure_
9354243434184 -80 32589196344 1425012007.2660 2437 eduroam_
47491959240 -81 32589196348 1425012007.2660 2437 eduroam_
47492007877 -73 32589196387 1425012007.2660 5220 UofM_Guest_
47492007873 -75 32589196379 1425012007.2660 5220 UofM_
47492007879 -76 32589196395 1425012007.2660 5220 _
9354243434180 -77 32589196341 1425012007.2660 2437 UofM_Guest_
9354243434176 -77 32589196333 1425012007.2660 2437 UofM_
