189441481136067 -70 33220702420 1425012647.8830 5765 UofM_Secure_
47494398596 -86 33229776494 1425012647.8830 2462 UofM_Guest_
189441481136066 -76 33229776489 1425012647.8830 2437 UofM_Secure_
189441481136064 -81 33229776483 1425012647.8830 2437 UofM_
189441481136072 -82 33229776445 1425012647.8830 2437 eduroam_
47494398600 -85 33229776512 1425012647.8830 2462 eduroam_
189441481136070 -78 33229776477 1425012647.8830 2437 _
47494398592 -85 33229776506 1425012647.8830 2462 UofM_
47491959240 -76 33229776472 1425012647.8830 2437 eduroam_
47491463112 -77 33229776429 1425012647.8830 2412 eduroam_
47491959236 -76 33229776458 1425012647.8830 2437 UofM_Guest_
47491959238 -75 33229776466 1425012647.8830 2437 _
47491959232 -75 33229776451 1425012647.8830 2437 UofM_
47491463108 -75 33229776424 1425012647.8830 2412 UofM_Guest_
47491463104 -77 33229776412 1425012647.8830 2412 UofM_
47491959235 -71 33229776526 1425012647.8830 5180 UofM_Secure_
47491959241 -75 33229776540 1425012647.8830 5180 eduroam_
47491463106 -76 33229776418 1425012647.8830 2412 UofM_Secure_
189441481136073 -82 33229776561 1425012647.8830 5765 eduroam_
47491959233 -72 33229776519 1425012647.8830 5180 UofM_
47491959237 -76 33229776533 1425012647.8830 5180 UofM_Guest_
47491959239 -76 33229776548 1425012647.8830 5180 _
189441481136069 -80 33229776554 1425012647.8830 5765 UofM_Guest_
47491463110 -80 33229776434 1425012647.8830 2412 _
189441481136068 -82 33229776440 1425012647.8830 2437 UofM_Guest_
47494398598 -90 33229776500 1425012647.8830 2462 _
