189441481136070 -81 32810799099 1425012228.9730 2437 _
189441481136067 -73 32810799159 1425012228.9730 5765 UofM_Secure_
189441481136068 -82 32810799094 1425012228.9730 2437 UofM_Guest_
47491463112 -84 32807529362 1425012228.9730 2412 eduroam_
47491271492 -85 32807529399 1425012228.9730 2437 UofM_Guest_
47491463104 -85 32807529341 1425012228.9730 2412 UofM_
47491959236 -85 32807529394 1425012228.9730 2437 UofM_Guest_
47491463108 -89 32807529348 1425012228.9730 2412 UofM_Guest_
189441481136073 -72 32810799169 1425012228.9730 5765 eduroam_
47491268866 -77 32807529443 1425012228.9730 2462 UofM_Secure_
47491268872 -87 32810799129 1425012228.9730 2462 eduroam_
189441481136072 -76 32810799108 1425012228.9730 2437 eduroam_
47494398600 -88 32807529469 1425012228.9730 2462 eduroam_
47491272328 -85 32810799085 1425012228.9730 2412 eduroam_
189441481136065 -75 32810799154 1425012228.9730 5765 UofM_
189441481136069 -75 32810799164 1425012228.9730 5765 UofM_Guest_
47491268868 -84 32810799113 1425012228.9730 2462 UofM_Guest_
47491268870 -86 32810799123 1425012228.9730 2462 _
189441481136064 -79 32810799090 1425012228.9730 2437 UofM_
47491268864 -88 32810799118 1425012228.9730 2462 UofM_
47491272320 -83 32810799075 1425012228.9730 2412 UofM_
47491272324 -86 32807529374 1425012228.9730 2412 UofM_Guest_
47494398596 -87 32807529463 1425012228.9730 2462 UofM_Guest_
47491272326 -84 32810799080 1425012228.9730 2412 _
47491463110 -88 32807529354 1425012228.9730 2412 _
47491272329 -77 32810799150 1425012228.9730 5745 eduroam_
47491272323 -77 32810799145 1425012228.9730 5745 UofM_Secure_
189441481136066 -73 32810799104 1425012228.9730 2437 UofM_Secure_
47491272325 -77 32810799139 1425012228.9730 5745 UofM_Guest_
47491272321 -77 32810799134 1425012228.9730 5745 UofM_
