47491272329 -55 32700890757 1425012118.9530 5745 eduroam_
47491272321 -55 32700890742 1425012118.9530 5745 UofM_
47491272328 -60 32700890686 1425012118.9530 2412 eduroam_
47491272326 -60 32700890681 1425012118.9530 2412 _
47491272320 -52 32700890694 1425012118.9530 2412 UofM_
47491272323 -56 32700890746 1425012118.9530 5745 UofM_Secure_
47491272325 -56 32700890750 1425012118.9530 5745 UofM_Guest_
47491272324 -63 32700890673 1425012118.9530 2412 UofM_Guest_
189441481136067 -57 32700890767 1425012118.9530 5765 UofM_Secure_
189441481136073 -58 32700890780 1425012118.9530 5765 eduroam_
189441481136065 -57 32700890762 1425012118.9530 5765 UofM_
189441481136069 -60 32700890774 1425012118.9530 5765 UofM_Guest_
189441481136068 -56 32700890704 1425012118.9530 2437 UofM_Guest_
47491272322 -61 32697351453 1425012118.9530 2412 UofM_Secure_
189441481136072 -55 32700890708 1425012118.9530 2437 eduroam_
189441481136066 -58 32700890714 1425012118.9530 2437 UofM_Secure_
189441481136064 -55 32700890699 1425012118.9530 2437 UofM_
189441481136070 -55 32700890719 1425012118.9530 2437 _
47491268873 -76 32697351516 1425012118.9530 5785 eduroam_
47491268867 -77 32700890786 1425012118.9530 5785 UofM_Secure_
47491268869 -78 32700890792 1425012118.9530 5785 UofM_Guest_
47491268865 -78 32697351505 1425012118.9530 5785 UofM_
