47491268873 -67 32630838897 1425012048.9020 5785 eduroam_
47491268867 -67 32630838886 1425012048.9020 5785 UofM_Secure_
47491268869 -69 32630838891 1425012048.9020 5785 UofM_Guest_
47491268865 -68 32630838794 1425012048.9020 5785 UofM_
47491268870 -67 32630838819 1425012048.9020 2462 _
47491268868 -68 32630838814 1425012048.9020 2462 UofM_Guest_
47491268872 -60 32627353597 1425012048.9020 2462 eduroam_
47491268864 -67 32630838809 1425012048.9020 2462 UofM_
47491959240 -76 32627353580 1425012048.9020 2437 eduroam_
47491959232 -77 32627353576 1425012048.9020 2437 UofM_
47491271491 -81 32630838829 1425012048.9020 5220 UofM_Secure_
47491271497 -81 32630838838 1425012048.9020 5220 eduroam_
47491271489 -82 32630838823 1425012048.9020 5220 UofM_
47491271493 -82 32630838834 1425012048.9020 5220 UofM_Guest_
47491268866 -64 32627353601 1425012048.9020 2462 UofM_Secure_
47491272328 -84 32630838779 1425012048.9020 2412 eduroam_
47491272321 -78 32630838843 1425012048.9020 5745 UofM_
47491272324 -82 32630838770 1425012048.9020 2412 UofM_Guest_
47491272320 -88 32627353568 1425012048.9020 2412 UofM_
47491272326 -84 32630838774 1425012048.9020 2412 _
189441481136073 -75 32630838880 1425012048.9020 5765 eduroam_
189441481136067 -75 32630838867 1425012048.9020 5765 UofM_Secure_
47491272323 -76 32630838847 1425012048.9020 5745 UofM_Secure_
47494398595 -77 32630838909 1425012048.9020 5805 UofM_Secure_
47494398601 -79 32630838922 1425012048.9020 5805 eduroam_
47491272329 -79 32630838856 1425012048.9020 5745 eduroam_
47491272322 -83 32630838766 1425012048.9020 2412 UofM_Secure_
47494398600 -84 32630838804 1425012048.9020 2462 eduroam_
189441481136065 -75 32630838861 1425012048.9020 5765 UofM_
189441481136069 -75 32630838873 1425012048.9020 5765 UofM_Guest_
47494398597 -77 32630838916 1425012048.9020 5805 UofM_Guest_
47491272325 -78 32630838851 1425012048.9020 5745 UofM_Guest_
47494398593 -78 32630838902 1425012048.9020 5805 UofM_
189441481136070 -78 32630838784 1425012048.9020 2437 _
47491328704 -82 32630838789 1425012048.9020 2437 UofM_
47494398592 -83 32630838799 1425012048.9020 2462 UofM_
47491463108 -86 32630838757 1425012048.9020 2412 UofM_Guest_
47491463110 -88 32630838761 1425012048.9020 2412 _
47491463104 -88 32630838753 1425012048.9020 2412 UofM_
