47491272320 -76 33443151796 1425012861.2110 2412 UofM_
47491272329 -66 33443151856 1425012861.2110 5745 eduroam_
47491272323 -67 33443151848 1425012861.2110 5745 UofM_Secure_
47491272328 -79 33443151811 1425012861.2110 2412 eduroam_
47491272325 -68 33443151852 1425012861.2110 5745 UofM_Guest_
47491272321 -65 33443151815 1425012861.2110 5745 UofM_
47491272324 -78 33443151803 1425012861.2110 2412 UofM_Guest_
47491272326 -79 33443151807 1425012861.2110 2412 _
189441481136073 -57 33443151869 1425012861.2110 5765 eduroam_
189441481136067 -56 33443151862 1425012861.2110 5765 UofM_Secure_
189441481136065 -55 33443151859 1425012861.2110 5765 UofM_
189441481136069 -56 33443151866 1425012861.2110 5765 UofM_Guest_
189441481136064 -60 33443151819 1425012861.2110 2437 UofM_
189441481136072 -60 33443151831 1425012861.2110 2437 eduroam_
189441481136068 -57 33443151823 1425012861.2110 2437 UofM_Guest_
189441481136070 -59 33443151827 1425012861.2110 2437 _
47491272322 -74 33443151799 1425012861.2110 2412 UofM_Secure_
47494398600 -82 33443151844 1425012861.2110 2462 eduroam_
47494398596 -80 33443151836 1425012861.2110 2462 UofM_Guest_
47494398601 -82 33443151873 1425012861.2110 5805 eduroam_
47494398598 -82 33443151840 1425012861.2110 2462 _
