189441481136068 -85 33492144028 1425012913.9320 2437 UofM_Guest_
189441481136070 -84 33492144034 1425012913.9320 2437 _
47491959238 -84 33495869979 1425012913.9320 2437 _
47491268873 -59 33495870035 1425012913.9320 5785 eduroam_
47491268867 -57 33495870026 1425012913.9320 5785 UofM_Secure_
47491271496 -83 33492144010 1425012913.9320 2437 eduroam_
47491271490 -76 33495870017 1425012913.9320 2437 UofM_Secure_
47491268869 -60 33495870031 1425012913.9320 5785 UofM_Guest_
47491268865 -57 33495870022 1425012913.9320 5785 UofM_
47491271491 -84 33492144049 1425012913.9320 5220 UofM_Secure_
47489366216 -84 33492143981 1425012913.9320 2412 eduroam_
47491271489 -81 33492144040 1425012913.9320 5220 UofM_
47489366208 -85 33492143969 1425012913.9320 2412 UofM_
47489366212 -83 33492143975 1425012913.9320 2412 UofM_Guest_
189441481136064 -83 33492144016 1425012913.9320 2437 UofM_
189441481136066 -81 33492144023 1425012913.9320 2437 UofM_Secure_
47491959232 -87 33495869971 1425012913.9320 2437 UofM_
47489366214 -86 33492143987 1425012913.9320 2412 _
47494398594 -73 33495870013 1425012913.9320 2462 UofM_Secure_
47491268872 -74 33495869988 1425012913.9320 2462 eduroam_
47491463106 -80 33495869963 1425012913.9320 2412 UofM_Secure_
47491463112 -82 33495869966 1425012913.9320 2412 eduroam_
47494398600 -83 33495870008 1425012913.9320 2462 eduroam_
47491959240 -84 33495869983 1425012913.9320 2437 eduroam_
47491268871 -60 33495870039 1425012913.9320 5785 _
47494398596 -80 33495869998 1425012913.9320 2462 UofM_Guest_
47494398598 -81 33495870003 1425012913.9320 2462 _
47494398592 -81 33495869993 1425012913.9320 2462 UofM_
47491959236 -83 33495869974 1425012913.9320 2437 UofM_Guest_
47489356166 -88 33495869959 1425012913.9320 2412 _
47489356164 -90 33495869955 1425012913.9320 2412 UofM_Guest_
