47491272329 -51 32681101418 1425012099.1610 5745 eduroam_
47491271496 -82 32677497607 1425012099.1610 2437 eduroam_
47491272321 -50 32681101402 1425012099.1610 5745 UofM_
47491271488 -80 32681101396 1425012099.1610 2437 UofM_
47491272328 -61 32681101383 1425012099.1610 2412 eduroam_
47491271492 -80 32677497599 1425012099.1610 2437 UofM_Guest_
47491272326 -61 32681101377 1425012099.1610 2412 _
47491272320 -58 32681101358 1425012099.1610 2412 UofM_
47491272323 -52 32681101407 1425012099.1610 5745 UofM_Secure_
47491272325 -49 32681101412 1425012099.1610 5745 UofM_Guest_
47491271494 -84 32677497603 1425012099.1610 2437 _
47491272324 -58 32681101367 1425012099.1610 2412 UofM_Guest_
189441481136067 -71 32681101428 1425012099.1610 5765 UofM_Secure_
189441481136073 -66 32681101439 1425012099.1610 5765 eduroam_
189441481136065 -67 32681101422 1425012099.1610 5765 UofM_
189441481136069 -67 32681101433 1425012099.1610 5765 UofM_Guest_
189441481136071 -74 32681101444 1425012099.1610 5765 _
189441481136068 -79 32681101388 1425012099.1610 2437 UofM_Guest_
