189441481136072 -71 32796546327 1425012214.6080 2437 eduroam_
189441481136064 -71 32796546315 1425012214.6080 2437 UofM_
189441481136070 -68 32796546324 1425012214.6080 2437 _
189441481136067 -71 32796546312 1425012214.6080 5765 UofM_Secure_
189441481136068 -65 32796546321 1425012214.6080 2437 UofM_Guest_
189441481136073 -69 32792910618 1425012214.6080 5765 eduroam_
189441481136071 -71 32792910622 1425012214.6080 5765 _
189441481136069 -67 32792910615 1425012214.6080 5765 UofM_Guest_
189441481136065 -69 32792910612 1425012214.6080 5765 UofM_
47491272323 -69 32792910599 1425012214.6080 5745 UofM_Secure_
47491272329 -70 32792910607 1425012214.6080 5745 eduroam_
47491272328 -75 32796546309 1425012214.6080 2412 eduroam_
47491272322 -77 32792910565 1425012214.6080 2412 UofM_Secure_
47491272325 -69 32792910603 1425012214.6080 5745 UofM_Guest_
47491272321 -71 32792910595 1425012214.6080 5745 UofM_
47491272324 -74 32796546304 1425012214.6080 2412 UofM_Guest_
47491272320 -79 32796546301 1425012214.6080 2412 UofM_
189441481136066 -66 32796546318 1425012214.6080 2437 UofM_Secure_
47491272326 -75 32796546307 1425012214.6080 2412 _
