47491268864 -86 32523394460 1425011949.6230 2462 UofM_
47492007872 -89 32531559029 1425011949.6230 2412 UofM_
47491268868 -85 32523394464 1425011949.6230 2462 UofM_Guest_
84207466584962 -84 32531559024 1425011949.6230 2412 UofM_Secure_
84207466584968 -84 32531559036 1425011949.6230 2412 eduroam_
114896623892006 -71 32531559053 1425011949.6230 2437 NAO_
84207466584966 -84 32531559048 1425011949.6230 2412 _
84207466584964 -84 32531559032 1425011949.6230 2412 UofM_Guest_
84207466584960 -82 32531559020 1425011949.6230 2412 UofM_
189441481137412 -81 32531559069 1425011949.6230 2437 UofM_Guest_
47491959236 -57 32523394427 1425011949.6230 2437 UofM_Guest_
47491959237 -81 32531559107 1425011949.6230 5180 UofM_Guest_
189441481137408 -81 32531559064 1425011949.6230 2437 UofM_
189441481137410 -77 32531559078 1425011949.6230 2437 UofM_Secure_
189441481137416 -81 32531559074 1425011949.6230 2437 eduroam_
47491959235 -79 32531559102 1425011949.6230 5180 UofM_Secure_
47491959240 -72 32531559093 1425011949.6230 2437 eduroam_
47491959234 -69 32531559057 1425011949.6230 2437 UofM_Secure_
47491959241 -81 32531559111 1425011949.6230 5180 eduroam_
47491268872 -85 32523394474 1425011949.6230 2462 eduroam_
47491460552 -91 32523394478 1425011949.6230 2462 eduroam_
47491959238 -73 32531559088 1425011949.6230 2437 _
47491959232 -71 32531559083 1425011949.6230 2437 UofM_
47491959233 -81 32531559098 1425011949.6230 5180 UofM_
47491959239 -65 32523394505 1425011949.6230 5180 _
189441478786244 -84 32523394441 1425011949.6230 2412 UofM_Guest_
47491268870 -85 32523394469 1425011949.6230 2462 _
47491460553 -78 32531559132 1425011949.6230 5240 eduroam_
47491460547 -78 32531559121 1425011949.6230 5240 UofM_Secure_
47492007880 -87 32531559043 1425011949.6230 2412 eduroam_
47491460549 -78 32531559126 1425011949.6230 5240 UofM_Guest_
47491460545 -79 32531559116 1425011949.6230 5240 UofM_
47492007876 -85 32531559039 1425011949.6230 2412 UofM_Guest_
