47491268865 -71 32647161308 1425012065.2270 5785 UofM_
47491268870 -86 32637816040 1425012065.2270 2462 _
47491268868 -84 32647161231 1425012065.2270 2462 UofM_Guest_
47491268872 -85 32647161237 1425012065.2270 2462 eduroam_
47491268864 -87 32647161224 1425012065.2270 2462 UofM_
189441481136073 -78 32647161295 1425012065.2270 5765 eduroam_
189441481136067 -79 32647161280 1425012065.2270 5765 UofM_Secure_
47494398600 -84 32647161218 1425012065.2270 2462 eduroam_
189441481136065 -79 32647161302 1425012065.2270 5765 UofM_
189441481136069 -79 32647161288 1425012065.2270 5765 UofM_Guest_
47491463108 -79 32647161117 1425012065.2270 2412 UofM_Guest_
47491463110 -80 32647161126 1425012065.2270 2412 _
47491463104 -80 32647161107 1425012065.2270 2412 UofM_
47491463106 -81 32647161112 1425012065.2270 2412 UofM_Secure_
47491463112 -79 32647161122 1425012065.2270 2412 eduroam_
189441481136064 -82 32647161158 1425012065.2270 2437 UofM_
189441481136068 -82 32647161181 1425012065.2270 2437 UofM_Guest_
47494398596 -84 32647161203 1425012065.2270 2462 UofM_Guest_
47491959240 -80 32647161149 1425012065.2270 2437 eduroam_
47491959234 -75 32647161174 1425012065.2270 2437 UofM_Secure_
47491959236 -77 32647161136 1425012065.2270 2437 UofM_Guest_
47491959232 -77 32647161131 1425012065.2270 2437 UofM_
189441481136066 -80 32638502405 1425012065.2270 2437 UofM_Secure_
189441481136072 -81 32647161188 1425012065.2270 2437 eduroam_
47491959238 -79 32647161141 1425012065.2270 2437 _
47491268873 -72 32647161329 1425012065.2270 5785 eduroam_
47491268867 -75 32647161314 1425012065.2270 5785 UofM_Secure_
47491959235 -76 32647161243 1425012065.2270 5180 UofM_Secure_
47491959241 -79 32647161265 1425012065.2270 5180 eduroam_
47494398601 -79 32647161360 1425012065.2270 5805 eduroam_
47494398595 -81 32647161347 1425012065.2270 5805 UofM_Secure_
47491268869 -72 32647161322 1425012065.2270 5785 UofM_Guest_
47491268871 -72 32647161335 1425012065.2270 5785 _
47491959237 -78 32647161251 1425012065.2270 5180 UofM_Guest_
47491959233 -79 32647161273 1425012065.2270 5180 UofM_
47494398597 -80 32647161354 1425012065.2270 5805 UofM_Guest_
47494398593 -80 32647161340 1425012065.2270 5805 UofM_
47491959239 -81 32647161258 1425012065.2270 5180 _
189441481136070 -83 32647161166 1425012065.2270 2437 _
47494398598 -84 32647161211 1425012065.2270 2462 _
47494398592 -84 32647161196 1425012065.2270 2462 UofM_
