189441481136070 -78 32826545957 1425012244.6060 2437 _
189441481136067 -74 32823032624 1425012244.6060 5765 UofM_Secure_
189441481136068 -71 32823032576 1425012244.6060 2437 UofM_Guest_
189441481136073 -76 32823032632 1425012244.6060 5765 eduroam_
47491268872 -77 32826546059 1425012244.6060 2462 eduroam_
189441481136072 -79 32826545953 1425012244.6060 2437 eduroam_
47491272328 -81 32826545942 1425012244.6060 2412 eduroam_
189441481136065 -74 32823032620 1425012244.6060 5765 UofM_
189441481136069 -75 32823032628 1425012244.6060 5765 UofM_Guest_
47491268868 -77 32826546051 1425012244.6060 2462 UofM_Guest_
189441481136064 -78 32826545950 1425012244.6060 2437 UofM_
47491268864 -78 32826546047 1425012244.6060 2462 UofM_
47491272320 -80 32826545926 1425012244.6060 2412 UofM_
47491272324 -81 32826545934 1425012244.6060 2412 UofM_Guest_
47491272326 -81 32826545938 1425012244.6060 2412 _
47491272329 -78 32823032617 1425012244.6060 5745 eduroam_
47491272323 -77 32826545946 1425012244.6060 5745 UofM_Secure_
189441481136066 -71 32823032571 1425012244.6060 2437 UofM_Secure_
47491272325 -77 32823032612 1425012244.6060 5745 UofM_Guest_
47491272321 -76 32823032609 1425012244.6060 5745 UofM_
47491272322 -79 32826545930 1425012244.6060 2412 UofM_Secure_
47491268873 -68 32826546074 1425012244.6060 5785 eduroam_
47491268867 -67 32826546066 1425012244.6060 5785 UofM_Secure_
47491268866 -82 32823032596 1425012244.6060 2462 UofM_Secure_
47491268865 -70 32826546062 1425012244.6060 5785 UofM_
47491268869 -69 32826546070 1425012244.6060 5785 UofM_Guest_
47491268870 -79 32826546055 1425012244.6060 2462 _
