47491272320 -86 32964050349 1425012385.6680 2412 UofM_
47491272324 -88 32967609778 1425012385.6680 2412 UofM_Guest_
47491272326 -86 32964050359 1425012385.6680 2412 _
47491272322 -79 32964050379 1425012385.6680 2412 UofM_Secure_
47491272325 -80 32964050393 1425012385.6680 5745 UofM_Guest_
189441481136072 -78 32964050374 1425012385.6680 2437 eduroam_
189441481136068 -79 32964050369 1425012385.6680 2437 UofM_Guest_
189441481136070 -83 32967609782 1425012385.6680 2437 _
189441481136064 -85 32964050364 1425012385.6680 2437 UofM_
47491268867 -59 32967609810 1425012385.6680 5785 UofM_Secure_
47491268873 -62 32967609818 1425012385.6680 5785 eduroam_
47491268869 -61 32967609814 1425012385.6680 5785 UofM_Guest_
47491268865 -63 32967609806 1425012385.6680 5785 UofM_
47491268868 -70 32967609795 1425012385.6680 2462 UofM_Guest_
47491268864 -69 32967609786 1425012385.6680 2462 UofM_
47491268872 -74 32967609802 1425012385.6680 2462 eduroam_
47491268866 -77 32967609790 1425012385.6680 2462 UofM_Secure_
47491268870 -74 32967609799 1425012385.6680 2462 _
