47491272329 -75 32707939175 1425012129.5230 5745 eduroam_
47491272321 -74 32707939178 1425012129.5230 5745 UofM_
47491272328 -72 32711462691 1425012129.5230 2412 eduroam_
47491272326 -72 32711462687 1425012129.5230 2412 _
47491272320 -66 32711462676 1425012129.5230 2412 UofM_
47491272323 -75 32707939168 1425012129.5230 5745 UofM_Secure_
47491272325 -72 32707939172 1425012129.5230 5745 UofM_Guest_
47491272324 -69 32711462684 1425012129.5230 2412 UofM_Guest_
189441481136067 -57 32711462758 1425012129.5230 5765 UofM_Secure_
189441481136073 -56 32711462766 1425012129.5230 5765 eduroam_
189441481136065 -58 32711462754 1425012129.5230 5765 UofM_
189441481136069 -59 32711462762 1425012129.5230 5765 UofM_Guest_
189441481136068 -52 32711462703 1425012129.5230 2437 UofM_Guest_
47491272322 -70 32711462680 1425012129.5230 2412 UofM_Secure_
189441481136072 -55 32711462699 1425012129.5230 2437 eduroam_
189441481136064 -57 32711462695 1425012129.5230 2437 UofM_
189441481136070 -52 32711462706 1425012129.5230 2437 _
47494398600 -78 32711462714 1425012129.5230 2462 eduroam_
47494398596 -81 32711462748 1425012129.5230 2462 UofM_Guest_
47494398592 -79 32711462718 1425012129.5230 2462 UofM_
189441481136071 -51 32707939201 1425012129.5230 5765 _
47491272327 -73 32707939181 1425012129.5230 5745 _
47494398598 -85 32707939160 1425012129.5230 2462 _
189441481136066 -54 32711462710 1425012129.5230 2437 UofM_Secure_
