189441481136064 -80 33349780844 1425012767.8410 2437 UofM_
189441481136070 -72 33346159608 1425012767.8410 2437 _
47491272329 -77 33346159633 1425012767.8410 5745 eduroam_
189441481136072 -67 33346159613 1425012767.8410 2437 eduroam_
47491272328 -80 33349780836 1425012767.8410 2412 eduroam_
189441481136069 -79 33346159637 1425012767.8410 5765 UofM_Guest_
47491272320 -80 33349780818 1425012767.8410 2412 UofM_
47491272323 -78 33346159623 1425012767.8410 5745 UofM_Secure_
47491272321 -77 33346159618 1425012767.8410 5745 UofM_
47491272325 -78 33346159628 1425012767.8410 5745 UofM_Guest_
189441481136068 -74 33346159603 1425012767.8410 2437 UofM_Guest_
189441481136066 -70 33346159598 1425012767.8410 2437 UofM_Secure_
47491272324 -80 33349780823 1425012767.8410 2412 UofM_Guest_
47491272326 -83 33349780831 1425012767.8410 2412 _
47491268864 -86 33349780850 1425012767.8410 2462 UofM_
47491268872 -88 33349780861 1425012767.8410 2462 eduroam_
47491268868 -94 33349780855 1425012767.8410 2462 UofM_Guest_
