47491272328 -84 32886079519 1425012304.1420 2412 eduroam_
47491272320 -84 32886079507 1425012304.1420 2412 UofM_
47491272324 -84 32886079511 1425012304.1420 2412 UofM_Guest_
47491272326 -86 32886079514 1425012304.1420 2412 _
47491272323 -72 32886079544 1425012304.1420 5745 UofM_Secure_
47491272322 -72 32886079537 1425012304.1420 2412 UofM_Secure_
47491272329 -71 32886079551 1425012304.1420 5745 eduroam_
47491272321 -69 32886079540 1425012304.1420 5745 UofM_
47491272325 -70 32886079548 1425012304.1420 5745 UofM_Guest_
47491271496 -84 32886079533 1425012304.1420 2437 eduroam_
47491268872 -88 32882532316 1425012304.1420 2462 eduroam_
47491271492 -82 32886079526 1425012304.1420 2437 UofM_Guest_
47491271488 -81 32886079523 1425012304.1420 2437 UofM_
47491271494 -81 32886079529 1425012304.1420 2437 _
47491268868 -88 32882532310 1425012304.1420 2462 UofM_Guest_
47491268864 -89 32882532299 1425012304.1420 2462 UofM_
47491271497 -70 32882532339 1425012304.1420 5220 eduroam_
47491271491 -71 32882532327 1425012304.1420 5220 UofM_Secure_
47491271490 -70 32882532293 1425012304.1420 2437 UofM_Secure_
47491268866 -83 32882532305 1425012304.1420 2462 UofM_Secure_
47491272327 -71 32882532372 1425012304.1420 5745 _
47491271489 -71 32882532321 1425012304.1420 5220 UofM_
47491271495 -71 32882532345 1425012304.1420 5220 _
47491271493 -72 32882532333 1425012304.1420 5220 UofM_Guest_
