47492007872 -75 33607962771 1425013026.0260 2412 UofM_
47492007880 -78 33607962810 1425013026.0260 2412 eduroam_
47492007876 -78 33607962807 1425013026.0260 2412 UofM_Guest_
162797488891936 -77 33594246564 1425013026.0260 2437 viro-geni-2_
47491268868 -92 33598771784 1425013026.0260 2462 UofM_Guest_
47492007874 -76 33607962776 1425013026.0260 2412 UofM_Secure_
47491268867 -80 33594246608 1425013026.0260 5785 UofM_Secure_
47491268873 -77 33594246614 1425013026.0260 5785 eduroam_
114896623892006 -70 33607962816 1425013026.0260 2437 NAO_
47491268869 -78 33594246611 1425013026.0260 5785 UofM_Guest_
47491268865 -79 33594246617 1425013026.0260 5785 UofM_
47492007875 -78 33594246600 1425013026.0260 5220 UofM_Secure_
47492007881 -82 33607962879 1425013026.0260 5220 eduroam_
84207466584968 -78 33607962802 1425013026.0260 2412 eduroam_
84207466584964 -71 33607962793 1425013026.0260 2412 UofM_Guest_
84207466584960 -72 33607962780 1425013026.0260 2412 UofM_
47492007873 -78 33594246596 1425013026.0260 5220 UofM_
47492007877 -82 33607962869 1425013026.0260 5220 UofM_Guest_
47492007878 -80 33598771755 1425013026.0260 2412 _
84207466584966 -76 33607962797 1425013026.0260 2412 _
47491959240 -83 33607962826 1425013026.0260 2437 eduroam_
47491460552 -86 33607962856 1425013026.0260 2462 eduroam_
47493331336 -88 33607962864 1425013026.0260 2462 eduroam_
47491959236 -83 33594246570 1425013026.0260 2437 UofM_Guest_
84207466584962 -69 33607962789 1425013026.0260 2412 UofM_Secure_
47491460546 -81 33598771781 1425013026.0260 2462 UofM_Secure_
47491460550 -85 33607962852 1425013026.0260 2462 _
47491460544 -83 33598771776 1425013026.0260 2462 UofM_
47491460548 -84 33607962847 1425013026.0260 2462 UofM_Guest_
189441481137416 -82 33607962835 1425013026.0260 2437 eduroam_
47491959232 -81 33607962822 1425013026.0260 2437 UofM_
189441481137414 -81 33607962843 1425013026.0260 2437 _
189441481137412 -81 33607962830 1425013026.0260 2437 UofM_Guest_
189441481137408 -81 33607962839 1425013026.0260 2437 UofM_
47493331332 -86 33607962860 1425013026.0260 2462 UofM_Guest_
