162797488891936 -78 33108870961 1425012527.0370 2437 viro-geni-2_
47492007874 -77 33076677701 1425012527.0370 2412 UofM_Secure_
84207466584968 -80 33080284996 1425012527.0370 2412 eduroam_
84207466584960 -77 33080284978 1425012527.0370 2412 UofM_
84207466584964 -80 33080284987 1425012527.0370 2412 UofM_Guest_
84207466584966 -82 33080284992 1425012527.0370 2412 _
114896623892006 -86 33108870951 1425012527.0370 2437 NAO_
47491959240 -66 33086130092 1425012527.0370 2437 eduroam_
47491959238 -63 33086130088 1425012527.0370 2437 _
47491959236 -62 33086130086 1425012527.0370 2437 UofM_Guest_
47491959232 -64 33086130083 1425012527.0370 2437 UofM_
47491460552 -87 33086130118 1425012527.0370 2462 eduroam_
47491460550 -90 33086130115 1425012527.0370 2462 _
47491460544 -88 33086130113 1425012527.0370 2462 UofM_
47491959235 -67 33086130124 1425012527.0370 5180 UofM_Secure_
47491959241 -64 33086130130 1425012527.0370 5180 eduroam_
47491959233 -65 33086130121 1425012527.0370 5180 UofM_
47491959237 -65 33086130127 1425012527.0370 5180 UofM_Guest_
189441478786244 -86 33086130077 1425012527.0370 2412 UofM_Guest_
189441478786240 -81 33086130074 1425012527.0370 2412 UofM_
189441478786246 -87 33086130080 1425012527.0370 2412 _
47492007880 -81 33080284950 1425012527.0370 2412 eduroam_
189441478786248 -84 33082652413 1425012527.0370 2412 eduroam_
47492007872 -82 33080284937 1425012527.0370 2412 UofM_
47492007878 -83 33080284946 1425012527.0370 2412 _
47492007876 -83 33080284942 1425012527.0370 2412 UofM_Guest_
47491959239 -65 33086130133 1425012527.0370 5180 _
47491268870 -80 33108870920 1425012527.0370 2462 _
47491268868 -77 33108870908 1425012527.0370 2462 UofM_Guest_
47491268864 -78 33108870890 1425012527.0370 2462 UofM_
47491959234 -66 33086130098 1425012527.0370 2437 UofM_Secure_
47491268872 -76 33108870915 1425012527.0370 2462 eduroam_
189441481137410 -78 33102923995 1425012527.0370 2437 UofM_Secure_
47491268866 -77 33108870903 1425012527.0370 2462 UofM_Secure_
47493331337 -82 33108870945 1425012527.0370 5180 eduroam_
211938385015055 -83 33108870956 1425012527.0370 2437 viro-geni-1_
47493331333 -82 33108870938 1425012527.0370 5180 UofM_Guest_
47493331334 -83 33108870934 1425012527.0370 2462 _
47493331328 -86 33108870924 1425012527.0370 2462 UofM_
47493331332 -88 33108870929 1425012527.0370 2462 UofM_Guest_
