47491272328 -83 32928593209 1425012346.6510 2412 eduroam_
47491272320 -79 32928593194 1425012346.6510 2412 UofM_
47491272324 -80 32928593203 1425012346.6510 2412 UofM_Guest_
47491272326 -81 32928593206 1425012346.6510 2412 _
47491272322 -76 32928593199 1425012346.6510 2412 UofM_Secure_
47491272329 -77 32928593249 1425012346.6510 5745 eduroam_
47491272323 -74 32928593242 1425012346.6510 5745 UofM_Secure_
47491272325 -74 32928593245 1425012346.6510 5745 UofM_Guest_
47491272321 -76 32928593252 1425012346.6510 5745 UofM_
47491271496 -65 32928593221 1425012346.6510 2437 eduroam_
47491271492 -66 32928593215 1425012346.6510 2437 UofM_Guest_
47491271494 -68 32928593218 1425012346.6510 2437 _
47491271488 -65 32928593212 1425012346.6510 2437 UofM_
47491271497 -68 32928593238 1425012346.6510 5220 eduroam_
47491271491 -68 32928593231 1425012346.6510 5220 UofM_Secure_
47491271489 -68 32928593228 1425012346.6510 5220 UofM_
47491271493 -68 32928593234 1425012346.6510 5220 UofM_Guest_
47491271490 -70 32925041793 1425012346.6510 2437 UofM_Secure_
47491268872 -88 32928593225 1425012346.6510 2462 eduroam_
