47492007872 -76 33618660854 1425013036.7250 2412 UofM_
47492007880 -80 33618660871 1425013036.7250 2412 eduroam_
47492007876 -76 33618660863 1425013036.7250 2412 UofM_Guest_
162797488891936 -80 33618660892 1425013036.7250 2437 viro-geni-2_
47491268868 -77 33618660923 1425013036.7250 2462 UofM_Guest_
47491268867 -70 33618660988 1425013036.7250 5785 UofM_Secure_
47491268873 -70 33618660996 1425013036.7250 5785 eduroam_
47491268869 -70 33618660993 1425013036.7250 5785 UofM_Guest_
47491268865 -71 33618660984 1425013036.7250 5785 UofM_
47492007881 -80 33618660974 1425013036.7250 5220 eduroam_
47492007877 -81 33618660969 1425013036.7250 5220 UofM_Guest_
47493331336 -86 33615085208 1425013036.7250 2462 eduroam_
84207466584962 -82 33618660978 1425013036.7250 2412 UofM_Secure_
47493331332 -86 33615085201 1425013036.7250 2462 UofM_Guest_
211938385015055 -84 33618660888 1425013036.7250 2437 viro-geni-1_
47493331337 -75 33618660957 1425013036.7250 5180 eduroam_
47491268872 -79 33618660933 1425013036.7250 2462 eduroam_
47493331329 -77 33618660938 1425013036.7250 5180 UofM_
47491268864 -76 33618660915 1425013036.7250 2462 UofM_
47491268870 -78 33618660928 1425013036.7250 2462 _
47493331334 -85 33615085205 1425013036.7250 2462 _
47491269576 -88 33618660885 1425013036.7250 2412 eduroam_
47492007878 -78 33618660867 1425013036.7250 2412 _
47492007873 -80 33618660960 1425013036.7250 5220 UofM_
211938385015619 -80 33615085170 1425013036.7250 2437 viro2_
47493331328 -85 33615085198 1425013036.7250 2462 UofM_
47491269568 -86 33618660876 1425013036.7250 2412 UofM_
47491269572 -87 33618660881 1425013036.7250 2412 UofM_Guest_
47491269574 -90 33615085147 1425013036.7250 2412 _
47493331331 -76 33618660944 1425013036.7250 5180 UofM_Secure_
47492007874 -75 33618660858 1425013036.7250 2412 UofM_Secure_
47492007875 -81 33618660965 1425013036.7250 5220 UofM_Secure_
47491268866 -77 33618660918 1425013036.7250 2462 UofM_Secure_
47491473992 -77 33618660903 1425013036.7250 2437 eduroam_
211938385015607 -80 33618660911 1425013036.7250 2437 HS-HOME-NET_
47493331333 -77 33618660953 1425013036.7250 5180 UofM_Guest_
47491473988 -78 33618660900 1425013036.7250 2437 UofM_Guest_
47491473984 -79 33618660896 1425013036.7250 2437 UofM_
47491473990 -81 33618660907 1425013036.7250 2437 _
