47491268873 -70 33527625424 1425012945.6840 5785 eduroam_
47491268867 -69 33527625418 1425012945.6840 5785 UofM_Secure_
47491268869 -72 33527625421 1425012945.6840 5785 UofM_Guest_
47491268865 -65 33527625400 1425012945.6840 5785 UofM_
47491268871 -70 33524155962 1425012945.6840 5785 _
47491473984 -81 33524155932 1425012945.6840 2437 UofM_
47492007872 -80 33527625362 1425012945.6840 2412 UofM_
47492007881 -80 33527625414 1425012945.6840 5220 eduroam_
47492007875 -79 33527625407 1425012945.6840 5220 UofM_Secure_
47492007877 -78 33527625410 1425012945.6840 5220 UofM_Guest_
47492007873 -81 33527625403 1425012945.6840 5220 UofM_
47491328708 -86 33524155908 1425012945.6840 2437 UofM_Guest_
47492007880 -81 33527625374 1425012945.6840 2412 eduroam_
47491328712 -84 33524155914 1425012945.6840 2437 eduroam_
162797488891936 -79 33527625388 1425012945.6840 2437 viro-geni-2_
47491473988 -80 33524155937 1425012945.6840 2437 UofM_Guest_
47492007876 -80 33527625368 1425012945.6840 2412 UofM_Guest_
47492007878 -82 33527625371 1425012945.6840 2412 _
47491328704 -86 33524155897 1425012945.6840 2437 UofM_
47491959236 -88 33524155888 1425012945.6840 2437 UofM_Guest_
47492007874 -77 33527625365 1425012945.6840 2412 UofM_Secure_
114896623892006 -78 33527625394 1425012945.6840 2437 NAO_
211938385015607 -80 33527625391 1425012945.6840 2437 HS-HOME-NET_
84207466584968 -85 33527625380 1425012945.6840 2412 eduroam_
211938385015619 -79 33527625397 1425012945.6840 2437 viro2_
47491269568 -88 33527625383 1425012945.6840 2412 UofM_
84207466584960 -88 33527625359 1425012945.6840 2412 UofM_
84207466584964 -89 33527625377 1425012945.6840 2412 UofM_Guest_
47491269572 -90 33527625385 1425012945.6840 2412 UofM_Guest_
