47491272320 -68 33432765861 1425012850.8240 2412 UofM_
47491272329 -63 33432765904 1425012850.8240 5745 eduroam_
47491272323 -63 33432765897 1425012850.8240 5745 UofM_Secure_
47491272328 -68 33432765869 1425012850.8240 2412 eduroam_
47491272325 -62 33432765901 1425012850.8240 5745 UofM_Guest_
47491272321 -60 33432765889 1425012850.8240 5745 UofM_
47491272324 -65 33432765885 1425012850.8240 2412 UofM_Guest_
47491272326 -65 33432765865 1425012850.8240 2412 _
189441481136073 -57 33432765923 1425012850.8240 5765 eduroam_
189441481136067 -52 33432765916 1425012850.8240 5765 UofM_Secure_
189441481136065 -54 33432765912 1425012850.8240 5765 UofM_
189441481136069 -53 33432765919 1425012850.8240 5765 UofM_Guest_
189441481136064 -60 33432765874 1425012850.8240 2437 UofM_
189441481136072 -60 33432765893 1425012850.8240 2437 eduroam_
189441481136068 -73 33432765877 1425012850.8240 2437 UofM_Guest_
189441481136070 -61 33432765881 1425012850.8240 2437 _
189441481136066 -67 33429303320 1425012850.8240 2437 UofM_Secure_
47491268873 -79 33429303401 1425012850.8240 5785 eduroam_
47491268867 -79 33429303391 1425012850.8240 5785 UofM_Secure_
47491272327 -63 33432765908 1425012850.8240 5745 _
47491268865 -78 33429303383 1425012850.8240 5785 UofM_
47491268871 -79 33429303407 1425012850.8240 5785 _
47491268869 -81 33429303396 1425012850.8240 5785 UofM_Guest_
189441481136071 -52 33432765927 1425012850.8240 5765 _
