47491272329 -60 32673895493 1425012091.9540 5745 eduroam_
47491271496 -79 32673895475 1425012091.9540 2437 eduroam_
47491272321 -60 32673895482 1425012091.9540 5745 UofM_
47491271488 -73 32673895471 1425012091.9540 2437 UofM_
47491272328 -76 32670269883 1425012091.9540 2412 eduroam_
47491271492 -66 32670269893 1425012091.9540 2437 UofM_Guest_
47491272326 -80 32670269878 1425012091.9540 2412 _
47491272320 -76 32670269857 1425012091.9540 2412 UofM_
47491271497 -76 32670269919 1425012091.9540 5220 eduroam_
47491271491 -76 32670269938 1425012091.9540 5220 UofM_Secure_
47491272323 -58 32673895485 1425012091.9540 5745 UofM_Secure_
47491271489 -75 32670269931 1425012091.9540 5220 UofM_
47491271493 -81 32673895479 1425012091.9540 5220 UofM_Guest_
47491272327 -72 32670269983 1425012091.9540 5745 _
47491272325 -59 32673895489 1425012091.9540 5745 UofM_Guest_
47491271494 -67 32670269901 1425012091.9540 2437 _
47491272324 -75 32670269873 1425012091.9540 2412 UofM_Guest_
47491272322 -73 32670269864 1425012091.9540 2412 UofM_Secure_
