47491272320 -75 33446637954 1425012864.6990 2412 UofM_
47491272329 -66 33443151856 1425012864.6990 5745 eduroam_
47491272323 -67 33443151848 1425012864.6990 5745 UofM_Secure_
47491272328 -77 33446637973 1425012864.6990 2412 eduroam_
47491272325 -68 33443151852 1425012864.6990 5745 UofM_Guest_
47491272321 -71 33446637978 1425012864.6990 5745 UofM_
47491272324 -74 33446637964 1425012864.6990 2412 UofM_Guest_
47491272326 -76 33446637969 1425012864.6990 2412 _
189441481136073 -66 33446638035 1425012864.6990 5765 eduroam_
189441481136067 -68 33446638028 1425012864.6990 5765 UofM_Secure_
189441481136065 -69 33446638023 1425012864.6990 5765 UofM_
189441481136069 -69 33446638031 1425012864.6990 5765 UofM_Guest_
189441481136064 -64 33446637983 1425012864.6990 2437 UofM_
189441481136072 -60 33446637997 1425012864.6990 2437 eduroam_
189441481136068 -65 33446637988 1425012864.6990 2437 UofM_Guest_
189441481136070 -59 33446637993 1425012864.6990 2437 _
47491272322 -71 33446637959 1425012864.6990 2412 UofM_Secure_
47494398600 -81 33446638020 1425012864.6990 2462 eduroam_
47494398596 -78 33446638012 1425012864.6990 2462 UofM_Guest_
47494398601 -82 33443151873 1425012864.6990 5805 eduroam_
47494398598 -82 33446638016 1425012864.6990 2462 _
47494398594 -78 33446638007 1425012864.6990 2462 UofM_Secure_
47491959236 -84 33446638000 1425012864.6990 2437 UofM_Guest_
47491959238 -87 33446638004 1425012864.6990 2437 _
