47492007872 -87 33157699159 1425012579.3200 2412 UofM_
47491268870 -42 33161256933 1425012579.3200 2462 _
47491268868 -41 33161256928 1425012579.3200 2462 UofM_Guest_
47491268864 -40 33161256923 1425012579.3200 2462 UofM_
47491268872 -43 33161256938 1425012579.3200 2462 eduroam_
47491268867 -47 33161256997 1425012579.3200 5785 UofM_Secure_
47491268873 -48 33161257009 1425012579.3200 5785 eduroam_
47491268869 -46 33161257003 1425012579.3200 5785 UofM_Guest_
47491268865 -47 33161256990 1425012579.3200 5785 UofM_
47491959238 -71 33161256895 1425012579.3200 2437 _
47491959236 -68 33161256890 1425012579.3200 2437 UofM_Guest_
47491959241 -70 33161256960 1425012579.3200 5180 eduroam_
47491959235 -67 33161256949 1425012579.3200 5180 UofM_Secure_
47491959240 -72 33161256899 1425012579.3200 2437 eduroam_
47491271496 -71 33161256914 1425012579.3200 2437 eduroam_
47491959233 -68 33161256944 1425012579.3200 5180 UofM_
47491959237 -70 33161256955 1425012579.3200 5180 UofM_Guest_
47491959232 -67 33161256884 1425012579.3200 2437 UofM_
47491271494 -78 33161256919 1425012579.3200 2437 _
47491271488 -73 33161256904 1425012579.3200 2437 UofM_
47491271492 -72 33161256909 1425012579.3200 2437 UofM_Guest_
47491271497 -75 33161256983 1425012579.3200 5220 eduroam_
47491271491 -69 33161256972 1425012579.3200 5220 UofM_Secure_
47491271489 -73 33161256966 1425012579.3200 5220 UofM_
47491271493 -72 33161256977 1425012579.3200 5220 UofM_Guest_
47491959234 -70 33157699062 1425012579.3200 2437 UofM_Secure_
47491271490 -71 33157699071 1425012579.3200 2437 UofM_Secure_
47491271495 -75 33157699154 1425012579.3200 5220 _
47491959239 -75 33157699129 1425012579.3200 5180 _
