211938385015607 -63 32469129071 1425011901.1260 2437 HS-HOME-NET_
162797488891936 -75 32483062358 1425011901.1260 2437 viro-geni-2_
211938385015055 -75 32469129080 1425011901.1260 2437 viro-geni-1_
47491269576 -83 32469129062 1425011901.1260 2412 eduroam_
211938385015619 -65 32469129083 1425011901.1260 2437 viro2_
47491269568 -79 32469129035 1425011901.1260 2412 UofM_
47493331334 -83 32469129138 1425011901.1260 2462 _
47493331328 -84 32469129131 1425011901.1260 2462 UofM_
47493331332 -85 32469129135 1425011901.1260 2462 UofM_Guest_
47493331336 -85 32469129142 1425011901.1260 2462 eduroam_
47491268864 -83 32469129098 1425011901.1260 2462 UofM_
47491268873 -79 32469129150 1425011901.1260 5785 eduroam_
47491268867 -77 32483062395 1425011901.1260 5785 UofM_Secure_
47491269570 -75 32469129038 1425011901.1260 2412 UofM_Secure_
47491268866 -83 32469129127 1425011901.1260 2462 UofM_Secure_
47491268872 -83 32469129123 1425011901.1260 2462 eduroam_
47492007880 -72 32483062348 1425011901.1260 2412 eduroam_
47491269572 -79 32469129043 1425011901.1260 2412 UofM_Guest_
47491269574 -80 32469129052 1425011901.1260 2412 _
47492007876 -71 32483062339 1425011901.1260 2412 UofM_Guest_
47492007872 -71 32483062329 1425011901.1260 2412 UofM_
47491268868 -84 32469129108 1425011901.1260 2462 UofM_Guest_
47491268870 -85 32469129115 1425011901.1260 2462 _
47491268865 -70 32483062368 1425011901.1260 5785 UofM_
47492007874 -66 32483062334 1425011901.1260 2412 UofM_Secure_
47492007881 -77 32483062390 1425011901.1260 5220 eduroam_
47492007875 -78 32483062379 1425011901.1260 5220 UofM_Secure_
84207466584962 -80 32483062315 1425011901.1260 2412 UofM_Secure_
84207466584968 -82 32483062324 1425011901.1260 2412 eduroam_
114896623892006 -82 32483062364 1425011901.1260 2437 NAO_
47492007878 -72 32483062343 1425011901.1260 2412 _
47492007873 -79 32483062373 1425011901.1260 5220 UofM_
47492007877 -79 32483062385 1425011901.1260 5220 UofM_Guest_
84207466584966 -82 32483062354 1425011901.1260 2412 _
84207466584964 -85 32483062320 1425011901.1260 2412 UofM_Guest_
84207466584960 -85 32483062310 1425011901.1260 2412 UofM_
