47491268865 -79 33541544096 1425012964.9850 5785 UofM_
47492007872 -83 33546909750 1425012964.9850 2412 UofM_
47492007880 -81 33546909784 1425012964.9850 2412 eduroam_
47492007876 -82 33546909769 1425012964.9850 2412 UofM_Guest_
47492007878 -84 33546909777 1425012964.9850 2412 _
84207466584968 -79 33546909819 1425012964.9850 2412 eduroam_
84207466584960 -81 33546909790 1425012964.9850 2412 UofM_
84207466584964 -79 33546909800 1425012964.9850 2412 UofM_Guest_
162797488891936 -82 33545046073 1425012964.9850 2437 viro-geni-2_
114896623892006 -68 33546909881 1425012964.9850 2437 NAO_
84207466584962 -73 33545046030 1425012964.9850 2412 UofM_Secure_
47492007874 -82 33546909761 1425012964.9850 2412 UofM_Secure_
189441481137412 -74 33546909894 1425012964.9850 2437 UofM_Guest_
84207466584966 -82 33546909813 1425012964.9850 2412 _
189441481137408 -75 33546909856 1425012964.9850 2437 UofM_
47491959234 -76 33546909888 1425012964.9850 2437 UofM_Secure_
47491460546 -76 33546909909 1425012964.9850 2462 UofM_Secure_
47491959240 -84 33546909850 1425012964.9850 2437 eduroam_
47491460552 -76 33546909926 1425012964.9850 2462 eduroam_
47491959236 -83 33546909837 1425012964.9850 2437 UofM_Guest_
47491959232 -81 33546909830 1425012964.9850 2437 UofM_
47491959238 -81 33546909844 1425012964.9850 2437 _
47491460550 -82 33545046114 1425012964.9850 2462 _
47491460544 -76 33546909901 1425012964.9850 2462 UofM_
47491460548 -75 33546909916 1425012964.9850 2462 UofM_Guest_
47491460547 -76 33546909996 1425012964.9850 5240 UofM_Secure_
47491959235 -76 33546909939 1425012964.9850 5180 UofM_Secure_
47491460553 -77 33546910013 1425012964.9850 5240 eduroam_
47491959241 -77 33546909971 1425012964.9850 5180 eduroam_
189441481137416 -80 33546909873 1425012964.9850 2437 eduroam_
47491959233 -73 33546909978 1425012964.9850 5180 UofM_
47491959237 -75 33546909963 1425012964.9850 5180 UofM_Guest_
47491460545 -76 33546909986 1425012964.9850 5240 UofM_
47491460549 -76 33546910004 1425012964.9850 5240 UofM_Guest_
189441481137414 -81 33546909864 1425012964.9850 2437 _
