162797488891936 -81 32488815281 1425011941.5080 2437 viro-geni-2_
47491268864 -86 32523394460 1425011941.5080 2462 UofM_
47492007872 -81 32488815261 1425011941.5080 2412 UofM_
47491268868 -85 32523394464 1425011941.5080 2462 UofM_Guest_
47491268865 -70 32483062368 1425011941.5080 5785 UofM_
84207466584962 -72 32489108838 1425011941.5080 2412 UofM_Secure_
84207466584968 -72 32489108847 1425011941.5080 2412 eduroam_
114896623892006 -79 32523394450 1425011941.5080 2437 NAO_
84207466584966 -79 32489108844 1425011941.5080 2412 _
84207466584964 -74 32489108841 1425011941.5080 2412 UofM_Guest_
84207466584960 -74 32489108835 1425011941.5080 2412 UofM_
189441481137412 -82 32489108857 1425011941.5080 2437 UofM_Guest_
47491959236 -57 32523394427 1425011941.5080 2437 UofM_Guest_
47491959237 -66 32523394494 1425011941.5080 5180 UofM_Guest_
189441481137408 -77 32489108854 1425011941.5080 2437 UofM_
189441481137410 -74 32489108866 1425011941.5080 2437 UofM_Secure_
189441481137416 -88 32523394445 1425011941.5080 2437 eduroam_
189441481137414 -84 32489108860 1425011941.5080 2437 _
47491959235 -66 32523394489 1425011941.5080 5180 UofM_Secure_
47491959240 -58 32523394437 1425011941.5080 2437 eduroam_
47491959234 -59 32523394455 1425011941.5080 2437 UofM_Secure_
47491959241 -67 32523394500 1425011941.5080 5180 eduroam_
47491268872 -85 32523394474 1425011941.5080 2462 eduroam_
47491460552 -91 32523394478 1425011941.5080 2462 eduroam_
47491959238 -56 32523394432 1425011941.5080 2437 _
47491959232 -57 32523394423 1425011941.5080 2437 UofM_
47491959233 -63 32523394483 1425011941.5080 5180 UofM_
47491959239 -65 32523394505 1425011941.5080 5180 _
189441478786244 -84 32523394441 1425011941.5080 2412 UofM_Guest_
47491268870 -85 32523394469 1425011941.5080 2462 _
