47491272328 -72 32914446440 1425012332.5040 2412 eduroam_
47491272320 -70 32914446429 1425012332.5040 2412 UofM_
47491272324 -70 32914446434 1425012332.5040 2412 UofM_Guest_
47491272326 -72 32914446437 1425012332.5040 2412 _
47491272322 -61 32914446431 1425012332.5040 2412 UofM_Secure_
47491272329 -65 32914446452 1425012332.5040 5745 eduroam_
47491272323 -63 32914446446 1425012332.5040 5745 UofM_Secure_
47491272325 -63 32914446449 1425012332.5040 5745 UofM_Guest_
47491272327 -74 32910926681 1425012332.5040 5745 _
47491272321 -63 32914446443 1425012332.5040 5745 UofM_
189441481136067 -76 32914446458 1425012332.5040 5765 UofM_Secure_
189441481136073 -76 32914446464 1425012332.5040 5765 eduroam_
189441481136069 -74 32914446461 1425012332.5040 5765 UofM_Guest_
189441481136065 -75 32914446455 1425012332.5040 5765 UofM_
