84207466584960 -85 32599625611 1425012021.1490 2412 UofM_
162797488891936 -86 32599625668 1425012021.1490 2437 viro-geni-2_
47491268873 -55 32603089455 1425012021.1490 5785 eduroam_
47491268867 -56 32603089449 1425012021.1490 5785 UofM_Secure_
47491268869 -56 32603089452 1425012021.1490 5785 UofM_Guest_
47491268865 -56 32603089411 1425012021.1490 5785 UofM_
47491268870 -63 32603089433 1425012021.1490 2462 _
47491268868 -60 32603089446 1425012021.1490 2462 UofM_Guest_
211938385015607 -76 32599625651 1425012021.1490 2437 HS-HOME-NET_
84207466584968 -91 32603089408 1425012021.1490 2412 eduroam_
84207466584964 -85 32599625628 1425012021.1490 2412 UofM_Guest_
47491268872 -63 32603089436 1425012021.1490 2462 eduroam_
47491268864 -64 32603089440 1425012021.1490 2462 UofM_
84207466584966 -87 32599625638 1425012021.1490 2412 _
47491268866 -68 32603089443 1425012021.1490 2462 UofM_Secure_
47491473986 -76 32603089427 1425012021.1490 2437 UofM_Secure_
47491269576 -90 32599625633 1425012021.1490 2412 eduroam_
2297084420154 -73 32599625607 1425012021.1490 2412 DIRECT-_
47491473988 -76 32603089414 1425012021.1490 2437 UofM_Guest_
47491269568 -90 32599625619 1425012021.1490 2412 UofM_
47491473992 -79 32603089421 1425012021.1490 2437 eduroam_
47491328712 -80 32603089430 1425012021.1490 2437 eduroam_
47491268871 -58 32603089458 1425012021.1490 5785 _
47491473990 -77 32603089418 1425012021.1490 2437 _
47491473984 -77 32603089424 1425012021.1490 2437 UofM_
