189441481136070 -78 32850981260 1425012269.8220 2437 _
189441481136068 -80 32850981254 1425012269.8220 2437 UofM_Guest_
189441481136072 -82 32850981265 1425012269.8220 2437 eduroam_
47491272328 -83 32851761883 1425012269.8220 2412 eduroam_
189441481136064 -80 32850981248 1425012269.8220 2437 UofM_
47491272320 -83 32851761874 1425012269.8220 2412 UofM_
47491272324 -80 32851761877 1425012269.8220 2412 UofM_Guest_
47491272326 -84 32851761880 1425012269.8220 2412 _
47491272323 -74 32847495304 1425012269.8220 5745 UofM_Secure_
47491268873 -70 32851761856 1425012269.8220 5785 eduroam_
47491268867 -69 32851761847 1425012269.8220 5785 UofM_Secure_
47491268872 -86 32850981283 1425012269.8220 2462 eduroam_
47491268865 -70 32851761844 1425012269.8220 5785 UofM_
47491268869 -67 32851761851 1425012269.8220 5785 UofM_Guest_
47491268868 -85 32850981277 1425012269.8220 2462 UofM_Guest_
47491268864 -92 32850981271 1425012269.8220 2462 UofM_
47491272322 -81 32851538274 1425012269.8220 2412 UofM_Secure_
47489366216 -88 32851761872 1425012269.8220 2412 eduroam_
47491268871 -70 32851761859 1425012269.8220 5785 _
47489366214 -86 32851761868 1425012269.8220 2412 _
47489366212 -88 32851761865 1425012269.8220 2412 UofM_Guest_
47489366208 -91 32851761862 1425012269.8220 2412 UofM_
