189441481136072 -73 32800089523 1425012221.6790 2437 eduroam_
189441481136064 -77 32800089511 1425012221.6790 2437 UofM_
189441481136070 -80 32800089518 1425012221.6790 2437 _
189441481136067 -77 32800089555 1425012221.6790 5765 UofM_Secure_
189441481136068 -83 32803622690 1425012221.6790 2437 UofM_Guest_
47491268872 -85 32800089549 1425012221.6790 2462 eduroam_
47491268868 -85 32800089537 1425012221.6790 2462 UofM_Guest_
47491268864 -86 32800089530 1425012221.6790 2462 UofM_
47491268870 -86 32800089543 1425012221.6790 2462 _
47491268873 -68 32803622703 1425012221.6790 5785 eduroam_
47491268867 -70 32803622697 1425012221.6790 5785 UofM_Secure_
47491268869 -68 32803622700 1425012221.6790 5785 UofM_Guest_
47491268871 -70 32803622706 1425012221.6790 5785 _
47491268865 -71 32803622694 1425012221.6790 5785 UofM_
