47492007872 -84 33164820693 1425012585.5880 2412 UofM_
47491268870 -78 33167030347 1425012585.5880 2462 _
47491268868 -56 33164820747 1425012585.5880 2462 UofM_Guest_
47491268864 -79 33167030343 1425012585.5880 2462 UofM_
47491268872 -80 33167030352 1425012585.5880 2462 eduroam_
47491268867 -61 33167485892 1425012585.5880 5785 UofM_Secure_
47491268873 -59 33167485879 1425012585.5880 5785 eduroam_
47491268869 -62 33167485897 1425012585.5880 5785 UofM_Guest_
47491268865 -62 33167485886 1425012585.5880 5785 UofM_
47491959238 -75 33167030307 1425012585.5880 2437 _
47491959236 -74 33167030297 1425012585.5880 2437 UofM_Guest_
47491959241 -78 33167030384 1425012585.5880 5180 eduroam_
47491959235 -78 33167030364 1425012585.5880 5180 UofM_Secure_
47491959240 -77 33167030312 1425012585.5880 2437 eduroam_
47491271496 -68 33167030284 1425012585.5880 2437 eduroam_
47491959233 -81 33167485918 1425012585.5880 5180 UofM_
47491959237 -77 33167030375 1425012585.5880 5180 UofM_Guest_
47491959232 -74 33167030291 1425012585.5880 2437 UofM_
47491271494 -70 33167030280 1425012585.5880 2437 _
47491271488 -68 33167030268 1425012585.5880 2437 UofM_
47491271492 -69 33167030276 1425012585.5880 2437 UofM_Guest_
47491271497 -74 33167030401 1425012585.5880 5220 eduroam_
47491271491 -73 33167030393 1425012585.5880 5220 UofM_Secure_
47491271489 -72 33167030388 1425012585.5880 5220 UofM_
47491271493 -73 33167030397 1425012585.5880 5220 UofM_Guest_
47492007880 -88 33164820699 1425012585.5880 2412 eduroam_
47492007876 -86 33164820696 1425012585.5880 2412 UofM_Guest_
47491959234 -71 33167030319 1425012585.5880 2437 UofM_Secure_
47491271490 -72 33167030332 1425012585.5880 2437 UofM_Secure_
189441481136072 -81 33167485913 1425012585.5880 2437 eduroam_
47491959239 -79 33167030379 1425012585.5880 5180 _
47491268871 -65 33167485903 1425012585.5880 5785 _
189441481136070 -79 33167485908 1425012585.5880 2437 _
