189441481136064 -83 33353400541 1425012773.9760 2437 UofM_
47491272328 -84 33353400535 1425012773.9760 2412 eduroam_
47491272320 -82 33353400513 1425012773.9760 2412 UofM_
47491272324 -81 33353400524 1425012773.9760 2412 UofM_Guest_
47491272326 -84 33353400530 1425012773.9760 2412 _
47491268864 -86 33355864294 1425012773.9760 2462 UofM_
47491268872 -86 33355864317 1425012773.9760 2462 eduroam_
47491268868 -82 33355864302 1425012773.9760 2462 UofM_Guest_
47491268873 -73 33353400582 1425012773.9760 5785 eduroam_
47491268867 -75 33353400570 1425012773.9760 5785 UofM_Secure_
47491272322 -81 33353400519 1425012773.9760 2412 UofM_Secure_
47491268865 -73 33353400564 1425012773.9760 5785 UofM_
47491268871 -74 33353400587 1425012773.9760 5785 _
47491268869 -74 33353400576 1425012773.9760 5785 UofM_Guest_
47491271491 -74 33355864332 1425012773.9760 5220 UofM_Secure_
47491271497 -74 33355864348 1425012773.9760 5220 eduroam_
47491271490 -78 33355864247 1425012773.9760 2437 UofM_Secure_
47491271496 -78 33355864267 1425012773.9760 2437 eduroam_
47491271489 -74 33355864325 1425012773.9760 5220 UofM_
47491271493 -74 33355864339 1425012773.9760 5220 UofM_Guest_
47491271495 -76 33355864356 1425012773.9760 5220 _
47491271488 -78 33355864229 1425012773.9760 2437 UofM_
47491271492 -78 33355864257 1425012773.9760 2437 UofM_Guest_
47491271494 -81 33355864276 1425012773.9760 2437 _
47491268870 -83 33355864309 1425012773.9760 2462 _
47491328710 -84 33355864284 1425012773.9760 2437 _
