189441481136072 -82 32875439767 1425012297.0480 2437 eduroam_
47491272328 -82 32875439749 1425012297.0480 2412 eduroam_
47491272320 -81 32875439698 1425012297.0480 2412 UofM_
47491272324 -84 32878988410 1425012297.0480 2412 UofM_Guest_
47491272326 -81 32875439715 1425012297.0480 2412 _
47491272323 -76 32875439777 1425012297.0480 5745 UofM_Secure_
47491272322 -78 32878988443 1425012297.0480 2412 UofM_Secure_
47491272329 -77 32878988452 1425012297.0480 5745 eduroam_
47491272321 -79 32878988448 1425012297.0480 5745 UofM_
47491272325 -79 32878988456 1425012297.0480 5745 UofM_Guest_
189441481136070 -81 32875439763 1425012297.0480 2437 _
189441481136064 -83 32875439756 1425012297.0480 2437 UofM_
47491328707 -78 32878988464 1425012297.0480 5785 UofM_Secure_
47491328713 -78 32878988474 1425012297.0480 5785 eduroam_
47491271496 -80 32878988426 1425012297.0480 2437 eduroam_
47491268872 -85 32878988439 1425012297.0480 2462 eduroam_
47491328709 -77 32878988469 1425012297.0480 5785 UofM_Guest_
47491328705 -81 32878988460 1425012297.0480 5785 UofM_
47491271492 -77 32878988418 1425012297.0480 2437 UofM_Guest_
47491271488 -80 32878988414 1425012297.0480 2437 UofM_
47491271494 -80 32878988422 1425012297.0480 2437 _
47491268868 -84 32878988435 1425012297.0480 2462 UofM_Guest_
47491268864 -84 32878988431 1425012297.0480 2462 UofM_
