47491272328 -52 32949869651 1425012367.9280 2412 eduroam_
47491272320 -49 32949869655 1425012367.9280 2412 UofM_
47491272324 -52 32949869643 1425012367.9280 2412 UofM_Guest_
47491272326 -54 32949869647 1425012367.9280 2412 _
47491272322 -46 32949869638 1425012367.9280 2412 UofM_Secure_
47491272329 -60 32949869690 1425012367.9280 5745 eduroam_
47491272323 -63 32949869680 1425012367.9280 5745 UofM_Secure_
47491272325 -62 32949869685 1425012367.9280 5745 UofM_Guest_
47491272321 -61 32949869676 1425012367.9280 5745 UofM_
47491271496 -82 32946355920 1425012367.9280 2437 eduroam_
47491271492 -83 32946355951 1425012367.9280 2437 UofM_Guest_
47491271488 -83 32946355946 1425012367.9280 2437 UofM_
189441481136073 -61 32949869711 1425012367.9280 5765 eduroam_
189441481136067 -60 32949869701 1425012367.9280 5765 UofM_Secure_
189441481136069 -62 32949869707 1425012367.9280 5765 UofM_Guest_
189441481136065 -65 32949869696 1425012367.9280 5765 UofM_
189441481136072 -70 32949869672 1425012367.9280 2437 eduroam_
189441481136068 -75 32949869664 1425012367.9280 2437 UofM_Guest_
189441481136070 -69 32949869668 1425012367.9280 2437 _
189441481136064 -73 32949869660 1425012367.9280 2437 UofM_
47491272327 -50 32946355983 1425012367.9280 5745 _
