47491268873 -61 32623886509 1425012041.9450 5785 eduroam_
47491268867 -61 32623886499 1425012041.9450 5785 UofM_Secure_
47491268869 -60 32623886504 1425012041.9450 5785 UofM_Guest_
47491268865 -52 32623886423 1425012041.9450 5785 UofM_
47491268870 -52 32623886436 1425012041.9450 2462 _
47491268868 -49 32623886432 1425012041.9450 2462 UofM_Guest_
47491268872 -50 32623886440 1425012041.9450 2462 eduroam_
47491268864 -50 32623886444 1425012041.9450 2462 UofM_
47491271496 -75 32623886419 1425012041.9450 2437 eduroam_
47491959240 -67 32620412878 1425012041.9450 2437 eduroam_
47491959232 -72 32623886400 1425012041.9450 2437 UofM_
47491959236 -71 32623886405 1425012041.9450 2437 UofM_Guest_
47491271492 -75 32623886412 1425012041.9450 2437 UofM_Guest_
47491959238 -74 32623886408 1425012041.9450 2437 _
47491271494 -75 32623886416 1425012041.9450 2437 _
47491959235 -75 32623886458 1425012041.9450 5180 UofM_Secure_
47491271491 -75 32623886481 1425012041.9450 5220 UofM_Secure_
47491959241 -72 32623886468 1425012041.9450 5180 eduroam_
47491271497 -75 32623886489 1425012041.9450 5220 eduroam_
47491959233 -71 32623886454 1425012041.9450 5180 UofM_
47491959237 -74 32623886463 1425012041.9450 5180 UofM_Guest_
47491271489 -74 32623886476 1425012041.9450 5220 UofM_
47491271493 -75 32623886485 1425012041.9450 5220 UofM_Guest_
47492007876 -86 32620412837 1425012041.9450 2412 UofM_Guest_
47491271490 -69 32620412882 1425012041.9450 2437 UofM_Secure_
47491271495 -78 32623886494 1425012041.9450 5220 _
47491959239 -78 32623886472 1425012041.9450 5180 _
47491268866 -51 32623886448 1425012041.9450 2462 UofM_Secure_
47491473992 -83 32620412869 1425012041.9450 2437 eduroam_
47492007880 -86 32623886395 1425012041.9450 2412 eduroam_
47491473984 -83 32620412860 1425012041.9450 2437 UofM_
47491473988 -84 32620412865 1425012041.9450 2437 UofM_Guest_
47491959234 -73 32623886427 1425012041.9450 2437 UofM_Secure_
47491268871 -64 32623886513 1425012041.9450 5785 _
