189441481136072 -72 32762307586 1425012180.3690 2437 eduroam_
189441481136064 -83 32762307570 1425012180.3690 2437 UofM_
189441481136070 -72 32762307581 1425012180.3690 2437 _
47491959236 -84 32758765152 1425012180.3690 2437 UofM_Guest_
47491959238 -86 32758765149 1425012180.3690 2437 _
189441481136067 -71 32762307566 1425012180.3690 5765 UofM_Secure_
47491463112 -85 32758765146 1425012180.3690 2412 eduroam_
47491463108 -84 32758765140 1425012180.3690 2412 UofM_Guest_
47491463110 -87 32758765143 1425012180.3690 2412 _
47491463104 -88 32758765137 1425012180.3690 2412 UofM_
189441481136073 -72 32762307615 1425012180.3690 5765 eduroam_
189441481136068 -79 32762307577 1425012180.3690 2437 UofM_Guest_
47491272323 -79 32762307596 1425012180.3690 5745 UofM_Secure_
189441481136069 -68 32762307609 1425012180.3690 5765 UofM_Guest_
189441481136065 -73 32762307603 1425012180.3690 5765 UofM_
189441481136071 -75 32762307620 1425012180.3690 5765 _
47491272321 -80 32762307590 1425012180.3690 5745 UofM_
