47491268873 -74 32634322570 1425012055.8900 5785 eduroam_
47491268867 -77 32634322537 1425012055.8900 5785 UofM_Secure_
47491268869 -78 32634322554 1425012055.8900 5785 UofM_Guest_
47491268865 -75 32634322411 1425012055.8900 5785 UofM_
47491268870 -86 32637816040 1425012055.8900 2462 _
47491268868 -83 32637816034 1425012055.8900 2462 UofM_Guest_
47491268872 -87 32637816045 1425012055.8900 2462 eduroam_
47491268864 -85 32637816028 1425012055.8900 2462 UofM_
47491272328 -86 32634322389 1425012055.8900 2412 eduroam_
47491272324 -88 32634322380 1425012055.8900 2412 UofM_Guest_
47491272326 -88 32634322385 1425012055.8900 2412 _
189441481136073 -76 32637816064 1425012055.8900 5765 eduroam_
189441481136067 -79 32637816055 1425012055.8900 5765 UofM_Secure_
47494398595 -81 32634322593 1425012055.8900 5805 UofM_Secure_
47494398601 -80 32634322609 1425012055.8900 5805 eduroam_
47494398600 -86 32637816024 1425012055.8900 2462 eduroam_
189441481136065 -77 32637816050 1425012055.8900 5765 UofM_
189441481136069 -76 32637816059 1425012055.8900 5765 UofM_Guest_
47494398597 -80 32634322600 1425012055.8900 5805 UofM_Guest_
47494398593 -80 32634322588 1425012055.8900 5805 UofM_
47494398592 -76 32634322423 1425012055.8900 2462 UofM_
47491463108 -84 32637815973 1425012055.8900 2412 UofM_Guest_
47491463110 -87 32637815949 1425012055.8900 2412 _
47491463104 -85 32637815959 1425012055.8900 2412 UofM_
189441481136072 -74 32634322405 1425012055.8900 2437 eduroam_
47491463106 -81 32637815968 1425012055.8900 2412 UofM_Secure_
47491463112 -86 32637815980 1425012055.8900 2412 eduroam_
189441481136064 -81 32634322395 1425012055.8900 2437 UofM_
189441481136068 -80 32637815987 1425012055.8900 2437 UofM_Guest_
47494398596 -84 32637816018 1425012055.8900 2462 UofM_Guest_
47491959240 -76 32637816014 1425012055.8900 2437 eduroam_
47491959234 -77 32637815998 1425012055.8900 2437 UofM_Secure_
47491959236 -76 32637816007 1425012055.8900 2437 UofM_Guest_
47491959232 -77 32637815994 1425012055.8900 2437 UofM_
