189441481136064 -62 33288674261 1425012706.7330 2437 UofM_
189441481136072 -68 33288674269 1425012706.7330 2437 eduroam_
189441481136070 -72 33288674266 1425012706.7330 2437 _
189441481136068 -70 33288674264 1425012706.7330 2437 UofM_Guest_
189441481136067 -64 33288674293 1425012706.7330 5765 UofM_Secure_
189441481136073 -62 33288674299 1425012706.7330 5765 eduroam_
189441481136069 -62 33288674296 1425012706.7330 5765 UofM_Guest_
189441481136065 -63 33288674290 1425012706.7330 5765 UofM_
47491272329 -67 33288674283 1425012706.7330 5745 eduroam_
47491272323 -65 33288674278 1425012706.7330 5745 UofM_Secure_
47491272322 -80 33285090372 1425012706.7330 2412 UofM_Secure_
47491272328 -74 33288674258 1425012706.7330 2412 eduroam_
47491272325 -65 33288674281 1425012706.7330 5745 UofM_Guest_
47491272327 -69 33288674287 1425012706.7330 5745 _
47491272321 -68 33288674275 1425012706.7330 5745 UofM_
47491272320 -85 33288674272 1425012706.7330 2412 UofM_
47491272324 -72 33288674252 1425012706.7330 2412 UofM_Guest_
47491272326 -74 33288674255 1425012706.7330 2412 _
