47491268865 -75 32634322411 1425012056.6370 5785 UofM_
47491268870 -86 32637816040 1425012056.6370 2462 _
47491268868 -83 32637816034 1425012056.6370 2462 UofM_Guest_
47491268872 -87 32637816045 1425012056.6370 2462 eduroam_
47491268864 -85 32637816028 1425012056.6370 2462 UofM_
189441481136073 -76 32637816064 1425012056.6370 5765 eduroam_
189441481136067 -79 32637816055 1425012056.6370 5765 UofM_Secure_
47494398600 -86 32637816024 1425012056.6370 2462 eduroam_
189441481136065 -77 32637816050 1425012056.6370 5765 UofM_
189441481136069 -76 32637816059 1425012056.6370 5765 UofM_Guest_
47491463108 -74 32638502440 1425012056.6370 2412 UofM_Guest_
47491463110 -76 32638502447 1425012056.6370 2412 _
47491463104 -74 32638502432 1425012056.6370 2412 UofM_
47491463106 -75 32638502436 1425012056.6370 2412 UofM_Secure_
47491463112 -75 32638502443 1425012056.6370 2412 eduroam_
189441481136064 -82 32638502401 1425012056.6370 2437 UofM_
189441481136068 -80 32637815987 1425012056.6370 2437 UofM_Guest_
47494398596 -84 32637816018 1425012056.6370 2462 UofM_Guest_
47491959240 -64 32638502425 1425012056.6370 2437 eduroam_
47491959234 -66 32638502414 1425012056.6370 2437 UofM_Secure_
47491959236 -65 32638502421 1425012056.6370 2437 UofM_Guest_
47491959232 -65 32638502410 1425012056.6370 2437 UofM_
189441481136066 -80 32638502405 1425012056.6370 2437 UofM_Secure_
189441481136072 -83 32638502418 1425012056.6370 2437 eduroam_
47491959238 -69 32638502429 1425012056.6370 2437 _
