47491272328 -88 33476483662 1425012894.6780 2412 eduroam_
47491272321 -75 33476483715 1425012894.6780 5745 UofM_
47491272324 -84 33476483656 1425012894.6780 2412 UofM_Guest_
189441481136072 -83 33476483691 1425012894.6780 2437 eduroam_
189441481136068 -81 33472748346 1425012894.6780 2437 UofM_Guest_
189441481136070 -82 33476483687 1425012894.6780 2437 _
47491959236 -82 33472748312 1425012894.6780 2437 UofM_Guest_
47491959238 -84 33472748364 1425012894.6780 2437 _
47491959240 -82 33472748369 1425012894.6780 2437 eduroam_
47491271492 -77 33476483697 1425012894.6780 2437 UofM_Guest_
47491268864 -69 33472748381 1425012894.6780 2462 UofM_
47491271488 -78 33476483685 1425012894.6780 2437 UofM_
47491268873 -72 33472748445 1425012894.6780 5785 eduroam_
47491268867 -72 33472748427 1425012894.6780 5785 UofM_Secure_
47491268872 -70 33472748399 1425012894.6780 2462 eduroam_
47491271496 -79 33476483675 1425012894.6780 2437 eduroam_
47491271490 -73 33476483694 1425012894.6780 2437 UofM_Secure_
47491268871 -69 33472748453 1425012894.6780 5785 _
47491268868 -67 33472748387 1425012894.6780 2462 UofM_Guest_
47491268869 -73 33472748437 1425012894.6780 5785 UofM_Guest_
47491268870 -69 33472748393 1425012894.6780 2462 _
47491268865 -74 33472748419 1425012894.6780 5785 UofM_
47491272325 -77 33476483739 1425012894.6780 5745 UofM_Guest_
47491271494 -83 33476483672 1425012894.6780 2437 _
47491272320 -89 33476483652 1425012894.6780 2412 UofM_
47491272329 -74 33476483744 1425012894.6780 5745 eduroam_
47491328713 -75 33476483759 1425012894.6780 5785 eduroam_
47491328707 -75 33476483753 1425012894.6780 5785 UofM_Secure_
47491272323 -76 33476483718 1425012894.6780 5745 UofM_Secure_
47491271491 -76 33476483704 1425012894.6780 5220 UofM_Secure_
47491271497 -77 33476483711 1425012894.6780 5220 eduroam_
47489366210 -79 33476483669 1425012894.6780 2412 UofM_Secure_
47491328712 -79 33476483678 1425012894.6780 2437 eduroam_
47489366216 -81 33476483649 1425012894.6780 2412 eduroam_
47491271493 -74 33476483708 1425012894.6780 5220 UofM_Guest_
47491328709 -74 33476483757 1425012894.6780 5785 UofM_Guest_
47491272327 -75 33476483747 1425012894.6780 5745 _
47491271489 -76 33476483700 1425012894.6780 5220 UofM_
47491328705 -78 33476483750 1425012894.6780 5785 UofM_
47489366208 -81 33476483666 1425012894.6780 2412 UofM_
47489366212 -81 33476483646 1425012894.6780 2412 UofM_Guest_
47491272326 -89 33476483659 1425012894.6780 2412 _
189441481136064 -89 33476483681 1425012894.6780 2437 UofM_
