47491272320 -70 33418920906 1425012836.9800 2412 UofM_
47491272329 -53 33418920952 1425012836.9800 5745 eduroam_
47491272323 -53 33418920944 1425012836.9800 5745 UofM_Secure_
47491272328 -69 33418920916 1425012836.9800 2412 eduroam_
47491272325 -53 33418920948 1425012836.9800 5745 UofM_Guest_
47491272321 -51 33418920936 1425012836.9800 5745 UofM_
47491271488 -82 33415459210 1425012836.9800 2437 UofM_
47491271496 -81 33415459229 1425012836.9800 2437 eduroam_
47491271490 -81 33415459215 1425012836.9800 2437 UofM_Secure_
47491271492 -80 33418920932 1425012836.9800 2437 UofM_Guest_
47491271494 -87 33418920940 1425012836.9800 2437 _
47491272324 -71 33418920909 1425012836.9800 2412 UofM_Guest_
47491272327 -62 33415459258 1425012836.9800 5745 _
47491272326 -71 33418920913 1425012836.9800 2412 _
189441481136073 -63 33418920968 1425012836.9800 5765 eduroam_
189441481136067 -64 33418920960 1425012836.9800 5765 UofM_Secure_
189441481136065 -65 33418920956 1425012836.9800 5765 UofM_
189441481136069 -64 33418920964 1425012836.9800 5765 UofM_Guest_
189441481136071 -65 33418920973 1425012836.9800 5765 _
189441481136064 -74 33418920920 1425012836.9800 2437 UofM_
189441481136072 -73 33418920901 1425012836.9800 2437 eduroam_
189441481136068 -74 33418920924 1425012836.9800 2437 UofM_Guest_
189441481136070 -76 33418920928 1425012836.9800 2437 _
