189441481136070 -79 32830057963 1425012248.1210 2437 _
189441481136068 -84 32830057956 1425012248.1210 2437 UofM_Guest_
47491268872 -80 32830057999 1425012248.1210 2462 eduroam_
189441481136072 -79 32830057970 1425012248.1210 2437 eduroam_
47491272328 -81 32826545942 1425012248.1210 2412 eduroam_
47491268868 -80 32830057986 1425012248.1210 2462 UofM_Guest_
189441481136064 -85 32830057949 1425012248.1210 2437 UofM_
47491268864 -76 32830057978 1425012248.1210 2462 UofM_
47491272320 -80 32826545926 1425012248.1210 2412 UofM_
47491272324 -81 32826545934 1425012248.1210 2412 UofM_Guest_
47491272326 -81 32826545938 1425012248.1210 2412 _
47491272329 -78 32830058030 1425012248.1210 5745 eduroam_
47491272323 -78 32830058013 1425012248.1210 5745 UofM_Secure_
47491272325 -79 32830058024 1425012248.1210 5745 UofM_Guest_
47491272321 -79 32830058019 1425012248.1210 5745 UofM_
47491272322 -79 32826545930 1425012248.1210 2412 UofM_Secure_
47491268873 -76 32830058062 1425012248.1210 5785 eduroam_
47491268867 -76 32830058048 1425012248.1210 5785 UofM_Secure_
47491268866 -73 32830058006 1425012248.1210 2462 UofM_Secure_
47491268865 -75 32830058043 1425012248.1210 5785 UofM_
47491268869 -74 32830058055 1425012248.1210 5785 UofM_Guest_
47491268870 -81 32830057992 1425012248.1210 2462 _
47491268871 -77 32830058068 1425012248.1210 5785 _
47491272327 -79 32830058037 1425012248.1210 5745 _
