47492007872 -82 32596160784 1425012014.2220 2412 UofM_
84207466584960 -86 32596160765 1425012014.2220 2412 UofM_
47492007880 -82 32596160793 1425012014.2220 2412 eduroam_
47492007876 -79 32596160787 1425012014.2220 2412 UofM_Guest_
162797488891936 -80 32596160800 1425012014.2220 2437 viro-geni-2_
47491268873 -71 32596160866 1425012014.2220 5785 eduroam_
47491268867 -69 32596160858 1425012014.2220 5785 UofM_Secure_
47491268869 -66 32596160862 1425012014.2220 5785 UofM_Guest_
47491268865 -68 32596160781 1425012014.2220 5785 UofM_
47491268870 -74 32592688030 1425012014.2220 2462 _
47492007878 -82 32596160790 1425012014.2220 2412 _
47491268868 -74 32592688026 1425012014.2220 2462 UofM_Guest_
211938385015607 -86 32592688012 1425012014.2220 2437 HS-HOME-NET_
84207466584968 -83 32596160778 1425012014.2220 2412 eduroam_
84207466584964 -83 32596160772 1425012014.2220 2412 UofM_Guest_
47491268872 -75 32592688034 1425012014.2220 2462 eduroam_
47491268864 -72 32592688021 1425012014.2220 2462 UofM_
47492007875 -81 32596160846 1425012014.2220 5220 UofM_Secure_
47492007881 -81 32596160840 1425012014.2220 5220 eduroam_
47492007877 -82 32596160851 1425012014.2220 5220 UofM_Guest_
47492007873 -76 32592688057 1425012014.2220 5220 UofM_
47492007879 -81 32596160855 1425012014.2220 5220 _
47493331336 -86 32596160819 1425012014.2220 2462 eduroam_
47493331334 -87 32592688052 1425012014.2220 2462 _
47493331328 -86 32596160811 1425012014.2220 2462 UofM_
47493331332 -87 32596160815 1425012014.2220 2462 UofM_Guest_
47493331337 -77 32596160835 1425012014.2220 5180 eduroam_
47493331331 -78 32596160827 1425012014.2220 5180 UofM_Secure_
84207466584962 -79 32596160768 1425012014.2220 2412 UofM_Secure_
114896623892006 -87 32596160803 1425012014.2220 2437 NAO_
211938385015055 -88 32596160796 1425012014.2220 2437 viro-geni-1_
47493331333 -78 32596160831 1425012014.2220 5180 UofM_Guest_
47493331329 -79 32596160823 1425012014.2220 5180 UofM_
211938385015619 -85 32596160807 1425012014.2220 2437 viro2_
84207466584966 -87 32596160774 1425012014.2220 2412 _
