47491272320 -84 32968597807 1425012386.8770 2412 UofM_
47491272324 -88 32967609778 1425012386.8770 2412 UofM_Guest_
47491272322 -79 32964050379 1425012386.8770 2412 UofM_Secure_
189441481136070 -83 32967609782 1425012386.8770 2437 _
47491268867 -54 32968818095 1425012386.8770 5785 UofM_Secure_
47491268873 -55 32968818104 1425012386.8770 5785 eduroam_
47491268869 -54 32968818099 1425012386.8770 5785 UofM_Guest_
47491268865 -57 32968818091 1425012386.8770 5785 UofM_
47491268868 -62 32968818135 1425012386.8770 2462 UofM_Guest_
47491268864 -63 32968818128 1425012386.8770 2462 UofM_
47491268872 -65 32968818146 1425012386.8770 2462 eduroam_
47491268866 -66 32968818131 1425012386.8770 2462 UofM_Secure_
47491268870 -63 32968818140 1425012386.8770 2462 _
47494398600 -80 32968818112 1425012386.8770 2462 eduroam_
47491463112 -86 32968597801 1425012386.8770 2412 eduroam_
47494398596 -76 32968818120 1425012386.8770 2462 UofM_Guest_
47494398598 -85 32968818108 1425012386.8770 2462 _
47494398592 -81 32968818116 1425012386.8770 2462 UofM_
47491463108 -81 32968597692 1425012386.8770 2412 UofM_Guest_
47491463104 -82 32968597627 1425012386.8770 2412 UofM_
47491463110 -83 32968597697 1425012386.8770 2412 _
47494398594 -76 32968818124 1425012386.8770 2462 UofM_Secure_
