47491272328 -74 33362505618 1425012780.6810 2412 eduroam_
47491272320 -61 33362505604 1425012780.6810 2412 UofM_
47491272324 -73 33362505614 1425012780.6810 2412 UofM_Guest_
47491272326 -76 33358891317 1425012780.6810 2412 _
47491268864 -86 33355864294 1425012780.6810 2462 UofM_
47491268872 -86 33355864317 1425012780.6810 2462 eduroam_
47491268868 -82 33355864302 1425012780.6810 2462 UofM_Guest_
47491268873 -73 33353400582 1425012780.6810 5785 eduroam_
47491268867 -75 33353400570 1425012780.6810 5785 UofM_Secure_
47491272322 -75 33362505609 1425012780.6810 2412 UofM_Secure_
47491268865 -73 33353400564 1425012780.6810 5785 UofM_
47491268871 -74 33353400587 1425012780.6810 5785 _
47491268869 -74 33353400576 1425012780.6810 5785 UofM_Guest_
47491271491 -74 33355864332 1425012780.6810 5220 UofM_Secure_
47491271497 -74 33355864348 1425012780.6810 5220 eduroam_
47491271489 -74 33355864325 1425012780.6810 5220 UofM_
47491271493 -74 33355864339 1425012780.6810 5220 UofM_Guest_
47491271495 -76 33355864356 1425012780.6810 5220 _
47491271488 -83 33356338185 1425012780.6810 2437 UofM_
47491268870 -83 33355864309 1425012780.6810 2462 _
189441481136070 -84 33362505628 1425012780.6810 2437 _
47491272323 -72 33362505643 1425012780.6810 5745 UofM_Secure_
47491272329 -73 33362505653 1425012780.6810 5745 eduroam_
189441481136073 -76 33362505678 1425012780.6810 5765 eduroam_
189441481136067 -78 33362505666 1425012780.6810 5765 UofM_Secure_
189441481136072 -81 33362505633 1425012780.6810 2437 eduroam_
47491272325 -71 33362505649 1425012780.6810 5745 UofM_Guest_
47491272321 -71 33362505637 1425012780.6810 5745 UofM_
47491272327 -72 33362505661 1425012780.6810 5745 _
189441481136069 -78 33362505673 1425012780.6810 5765 UofM_Guest_
189441481136065 -79 33362505683 1425012780.6810 5765 UofM_
189441481136064 -82 33362505623 1425012780.6810 2437 UofM_
