47491268867 -53 32979151663 1425012397.2200 5785 UofM_Secure_
47491268873 -54 32979151754 1425012397.2200 5785 eduroam_
47491268869 -53 32979151746 1425012397.2200 5785 UofM_Guest_
47491268865 -53 32979151740 1425012397.2200 5785 UofM_
47491268868 -59 32979151698 1425012397.2200 2462 UofM_Guest_
47491268864 -59 32979151705 1425012397.2200 2462 UofM_
47491268872 -60 32979151701 1425012397.2200 2462 eduroam_
47491268870 -61 32979151708 1425012397.2200 2462 _
47491959234 -72 32975671337 1425012397.2200 2437 UofM_Secure_
47491271496 -79 32979151694 1425012397.2200 2437 eduroam_
47491959240 -66 32979151677 1425012397.2200 2437 eduroam_
47491959236 -63 32979151670 1425012397.2200 2437 UofM_Guest_
47491271492 -77 32979151687 1425012397.2200 2437 UofM_Guest_
47491959238 -65 32979151673 1425012397.2200 2437 _
47491271488 -77 32979151680 1425012397.2200 2437 UofM_
47491959232 -62 32979151666 1425012397.2200 2437 UofM_
47491271497 -79 32979151715 1425012397.2200 5220 eduroam_
47491271491 -73 32975671380 1425012397.2200 5220 UofM_Secure_
47491271490 -74 32979151684 1425012397.2200 2437 UofM_Secure_
47491271489 -82 32979151720 1425012397.2200 5220 UofM_
47491271493 -75 32975671386 1425012397.2200 5220 UofM_Guest_
47491271494 -80 32979151691 1425012397.2200 2437 _
47492007876 -80 32979151651 1425012397.2200 2412 UofM_Guest_
47492007874 -82 32979151646 1425012397.2200 2412 UofM_Secure_
47492007880 -83 32979151655 1425012397.2200 2412 eduroam_
47492007872 -82 32979151643 1425012397.2200 2412 UofM_
47492007878 -85 32979151659 1425012397.2200 2412 _
