47491272328 -60 32893145421 1425012311.2060 2412 eduroam_
47491272320 -62 32893145438 1425012311.2060 2412 UofM_
47491272324 -62 32893145444 1425012311.2060 2412 UofM_Guest_
47491272326 -63 32893145449 1425012311.2060 2412 _
47491272323 -70 32893145472 1425012311.2060 5745 UofM_Secure_
47491272322 -60 32893145460 1425012311.2060 2412 UofM_Secure_
47491272329 -70 32893145483 1425012311.2060 5745 eduroam_
47491272321 -70 32893145466 1425012311.2060 5745 UofM_
47491272325 -70 32893145477 1425012311.2060 5745 UofM_Guest_
47491272327 -67 32889631892 1425012311.2060 5745 _
189441481136067 -67 32889631899 1425012311.2060 5765 UofM_Secure_
189441481136073 -79 32893145500 1425012311.2060 5765 eduroam_
189441481136065 -79 32893145488 1425012311.2060 5765 UofM_
189441481136069 -79 32893145494 1425012311.2060 5765 UofM_Guest_
189441481136072 -78 32893145432 1425012311.2060 2437 eduroam_
189441481136068 -76 32893145454 1425012311.2060 2437 UofM_Guest_
189441481136070 -78 32893145427 1425012311.2060 2437 _
