47491272328 -79 32900414529 1425012318.4720 2412 eduroam_
47491272320 -80 32900414514 1425012318.4720 2412 UofM_
47491272324 -81 32900414519 1425012318.4720 2412 UofM_Guest_
47491272326 -80 32900414523 1425012318.4720 2412 _
47491272322 -76 32900414549 1425012318.4720 2412 UofM_Secure_
189441481136072 -82 32896671257 1425012318.4720 2437 eduroam_
189441481136068 -81 32896671252 1425012318.4720 2437 UofM_Guest_
189441481136070 -80 32896671240 1425012318.4720 2437 _
47491271496 -81 32900414543 1425012318.4720 2437 eduroam_
189441481136064 -80 32896671254 1425012318.4720 2437 UofM_
47491271492 -83 32900414539 1425012318.4720 2437 UofM_Guest_
47491271488 -82 32900414534 1425012318.4720 2437 UofM_
