47491269571 -72 32457968024 1425011876.0280 5220 UofM_Secure_
211938385015607 -56 32457968011 1425011876.0280 2437 HS-HOME-NET_
162797488891936 -54 32457968018 1425011876.0280 2437 viro-geni-2_
211938385015055 -59 32457968006 1425011876.0280 2437 viro-geni-1_
162797488891937 -66 32457968061 1425011876.0280 5765 Linksys19141_5GHz_
47491269570 -67 32457967984 1425011876.0280 2412 UofM_Secure_
47491269576 -64 32457967994 1425011876.0280 2412 eduroam_
47491269577 -73 32457968052 1425011876.0280 5220 eduroam_
47493331337 -72 32457968039 1425011876.0280 5180 eduroam_
47493331331 -73 32457968031 1425011876.0280 5180 UofM_Secure_
211938385015619 -53 32457968000 1425011876.0280 2437 viro2_
47491269568 -64 32457967981 1425011876.0280 2412 UofM_
47491269574 -66 32457967990 1425011876.0280 2412 _
47491269572 -63 32457967987 1425011876.0280 2412 UofM_Guest_
47491269573 -73 32457968049 1425011876.0280 5220 UofM_Guest_
47491269569 -73 32457968044 1425011876.0280 5220 UofM_
47493331333 -74 32457968035 1425011876.0280 5180 UofM_Guest_
47493331329 -75 32457968028 1425011876.0280 5180 UofM_
47493331334 -78 32454405466 1425011876.0280 2462 _
47493331328 -75 32454405447 1425011876.0280 2462 UofM_
47493331332 -78 32454405454 1425011876.0280 2462 UofM_Guest_
47493331336 -73 32454405472 1425011876.0280 2462 eduroam_
47493331330 -77 32454405479 1425011876.0280 2462 UofM_Secure_
2297084420154 -68 32457967997 1425011876.0280 2412 DIRECT-_
47491269575 -74 32457968057 1425011876.0280 5220 _
47493331335 -76 32454405507 1425011876.0280 5180 _
