189441481136067 -72 33244631011 1425012662.6880 5765 UofM_Secure_
47494398596 -83 33241082223 1425012662.6880 2462 UofM_Guest_
189441481136064 -73 33244631014 1425012662.6880 2437 UofM_
189441481136072 -73 33244631023 1425012662.6880 2437 eduroam_
47494398600 -86 33241082226 1425012662.6880 2462 eduroam_
189441481136070 -73 33244631019 1425012662.6880 2437 _
47494398592 -82 33241082220 1425012662.6880 2462 UofM_
189441481136073 -80 33244631029 1425012662.6880 5765 eduroam_
189441481136069 -79 33244631026 1425012662.6880 5765 UofM_Guest_
189441481136068 -78 33244631016 1425012662.6880 2437 UofM_Guest_
189441481136065 -79 33244631033 1425012662.6880 5765 UofM_
47491272329 -70 33241082243 1425012662.6880 5745 eduroam_
47491272323 -71 33241082236 1425012662.6880 5745 UofM_Secure_
47491272322 -82 33241082196 1425012662.6880 2412 UofM_Secure_
47491272328 -84 33241082202 1425012662.6880 2412 eduroam_
47494398594 -85 33241082229 1425012662.6880 2462 UofM_Secure_
47491272321 -70 33241082232 1425012662.6880 5745 UofM_
47491272325 -70 33241082239 1425012662.6880 5745 UofM_Guest_
47491272320 -76 33244631002 1425012662.6880 2412 UofM_
47491272324 -75 33244631005 1425012662.6880 2412 UofM_Guest_
47491272326 -75 33244631007 1425012662.6880 2412 _
