47491272320 -85 33401544275 1425012819.6170 2412 UofM_
47491272329 -80 33398058470 1425012819.6170 5745 eduroam_
47491272323 -79 33398058460 1425012819.6170 5745 UofM_Secure_
47491272328 -86 33401544268 1425012819.6170 2412 eduroam_
47491272325 -78 33398058465 1425012819.6170 5745 UofM_Guest_
47491272321 -81 33401544308 1425012819.6170 5745 UofM_
47491271488 -74 33401544283 1425012819.6170 2437 UofM_
47491271491 -73 33401544318 1425012819.6170 5220 UofM_Secure_
47491271497 -75 33401544326 1425012819.6170 5220 eduroam_
47491271489 -75 33401544313 1425012819.6170 5220 UofM_
47491271493 -72 33401544322 1425012819.6170 5220 UofM_Guest_
47491268867 -78 33401544336 1425012819.6170 5785 UofM_Secure_
47491268873 -79 33401544353 1425012819.6170 5785 eduroam_
47491271496 -76 33401544304 1425012819.6170 2437 eduroam_
47491271490 -77 33401544292 1425012819.6170 2437 UofM_Secure_
47491271495 -76 33401544331 1425012819.6170 5220 _
47491268865 -78 33401544347 1425012819.6170 5785 UofM_
47491268869 -78 33401544342 1425012819.6170 5785 UofM_Guest_
47491271492 -74 33401544296 1425012819.6170 2437 UofM_Guest_
47491271494 -77 33401544300 1425012819.6170 2437 _
