189441481136072 -82 32855018829 1425012274.5430 2437 eduroam_
47491272328 -75 32856425140 1425012274.5430 2412 eduroam_
47491272320 -74 32856425126 1425012274.5430 2412 UofM_
47491272324 -75 32856425132 1425012274.5430 2412 UofM_Guest_
47491272326 -77 32856425135 1425012274.5430 2412 _
47491272323 -69 32855018906 1425012274.5430 5745 UofM_Secure_
47491268872 -75 32855018852 1425012274.5430 2462 eduroam_
47491268868 -74 32855018861 1425012274.5430 2462 UofM_Guest_
47491268864 -77 32855018856 1425012274.5430 2462 UofM_
47491272322 -74 32856425129 1425012274.5430 2412 UofM_Secure_
47489366208 -91 32855018782 1425012274.5430 2412 UofM_
47491272329 -71 32855018918 1425012274.5430 5745 eduroam_
47491271497 -77 32855018893 1425012274.5430 5220 eduroam_
47491271491 -77 32855018881 1425012274.5430 5220 UofM_Secure_
47491268866 -75 32855018871 1425012274.5430 2462 UofM_Secure_
47491271490 -76 32855018838 1425012274.5430 2437 UofM_Secure_
47491271496 -78 32855018824 1425012274.5430 2437 eduroam_
47491328712 -85 32855018820 1425012274.5430 2437 eduroam_
47491272321 -69 32855018900 1425012274.5430 5745 UofM_
47491272325 -70 32855018912 1425012274.5430 5745 UofM_Guest_
47491271493 -77 32855018887 1425012274.5430 5220 UofM_Guest_
47491271489 -77 32855018875 1425012274.5430 5220 UofM_
47491271488 -75 32855018834 1425012274.5430 2437 UofM_
47491271492 -76 32855018842 1425012274.5430 2437 UofM_Guest_
47491268870 -78 32855018866 1425012274.5430 2462 _
47491328708 -82 32855018810 1425012274.5430 2437 UofM_Guest_
47491328704 -84 32855018847 1425012274.5430 2437 UofM_
47491328710 -85 32855018816 1425012274.5430 2437 _
