189441481136064 -68 33310342566 1425012728.4040 2437 UofM_
189441481136070 -75 33310342573 1425012728.4040 2437 _
189441481136068 -76 33310342581 1425012728.4040 2437 UofM_Guest_
189441481136065 -72 33310342601 1425012728.4040 5765 UofM_
47491272329 -67 33310342598 1425012728.4040 5745 eduroam_
47491272323 -68 33310342588 1425012728.4040 5745 UofM_Secure_
47491272321 -69 33310342585 1425012728.4040 5745 UofM_
47491272325 -69 33310342594 1425012728.4040 5745 UofM_Guest_
189441481136067 -75 33310342605 1425012728.4040 5765 UofM_Secure_
189441481136073 -71 33310342613 1425012728.4040 5765 eduroam_
189441481136072 -81 33310342577 1425012728.4040 2437 eduroam_
189441481136066 -80 33306760807 1425012728.4040 2437 UofM_Secure_
47491272322 -76 33310342558 1425012728.4040 2412 UofM_Secure_
47491272328 -78 33310342562 1425012728.4040 2412 eduroam_
189441481136071 -72 33310342617 1425012728.4040 5765 _
189441481136069 -70 33310342609 1425012728.4040 5765 UofM_Guest_
47491272324 -79 33310342569 1425012728.4040 2412 UofM_Guest_
47491272320 -74 33310342555 1425012728.4040 2412 UofM_
47491272326 -85 33306760796 1425012728.4040 2412 _
