47492007872 -87 32553302978 1425011971.3970 2412 UofM_
84207466584962 -70 32541153384 1425011971.3970 2412 UofM_Secure_
84207466584968 -86 32553302975 1425011971.3970 2412 eduroam_
114896623892006 -82 32553303005 1425011971.3970 2437 NAO_
84207466584966 -86 32553302966 1425011971.3970 2412 _
84207466584964 -86 32553302959 1425011971.3970 2412 UofM_Guest_
84207466584960 -89 32553302970 1425011971.3970 2412 UofM_
47492007880 -84 32553302986 1425011971.3970 2412 eduroam_
47492007876 -84 32553302983 1425011971.3970 2412 UofM_Guest_
162797488891936 -80 32553303002 1425011971.3970 2437 viro-geni-2_
211938385015619 -83 32553303014 1425011971.3970 2437 viro2_
47491268873 -66 32551628351 1425011971.3970 5785 eduroam_
47491268867 -66 32551628342 1425011971.3970 5785 UofM_Secure_
47491268872 -77 32551628298 1425011971.3970 2462 eduroam_
47491268869 -63 32551628347 1425011971.3970 5785 UofM_Guest_
47491268865 -64 32551628336 1425011971.3970 5785 UofM_
47491268870 -79 32551628294 1425011971.3970 2462 _
211938385015607 -91 32553302994 1425011971.3970 2437 HS-HOME-NET_
47492007878 -77 32551628267 1425011971.3970 2412 _
47493331331 -79 32551628311 1425011971.3970 5180 UofM_Secure_
47493331337 -80 32551628323 1425011971.3970 5180 eduroam_
2297084420154 -78 32551628248 1425011971.3970 2412 DIRECT-_
47491268871 -67 32551628356 1425011971.3970 5785 _
47493331333 -79 32551628318 1425011971.3970 5180 UofM_Guest_
47493331335 -80 32551628330 1425011971.3970 5180 _
47493331329 -80 32551628305 1425011971.3970 5180 UofM_
47491959240 -81 32553303010 1425011971.3970 2437 eduroam_
211938385015055 -89 32553302998 1425011971.3970 2437 viro-geni-1_
47491269568 -85 32553302990 1425011971.3970 2412 UofM_
