47491268867 -56 32993139112 1425012411.2010 5785 UofM_Secure_
47491268873 -60 32993139158 1425012411.2010 5785 eduroam_
47491268869 -60 32993139153 1425012411.2010 5785 UofM_Guest_
47491268865 -60 32993139149 1425012411.2010 5785 UofM_
47491268864 -77 32993139134 1425012411.2010 2462 UofM_
47491268872 -80 32993139143 1425012411.2010 2462 eduroam_
47491268870 -85 32989660034 1425012411.2010 2462 _
47492007876 -80 32993139091 1425012411.2010 2412 UofM_Guest_
47492007880 -83 32993139099 1425012411.2010 2412 eduroam_
47492007872 -80 32993139087 1425012411.2010 2412 UofM_
47492007878 -80 32993139095 1425012411.2010 2412 _
47491473992 -79 32993139125 1425012411.2010 2437 eduroam_
47491268871 -61 32993139162 1425012411.2010 5785 _
47491473988 -76 32993139116 1425012411.2010 2437 UofM_Guest_
47491473986 -82 32989660022 1425012411.2010 2437 UofM_Secure_
47491473984 -77 32993139107 1425012411.2010 2437 UofM_
47492007881 -78 32989660055 1425012411.2010 5220 eduroam_
47492007875 -79 32989660048 1425012411.2010 5220 UofM_Secure_
47491268866 -75 32989660041 1425012411.2010 2462 UofM_Secure_
162797488891936 -81 32989660005 1425012411.2010 2437 viro-geni-2_
47492007873 -79 32989660044 1425012411.2010 5220 UofM_
47492007877 -82 32989660051 1425012411.2010 5220 UofM_Guest_
47491268868 -75 32993139139 1425012411.2010 2462 UofM_Guest_
114896623892006 -83 32993139129 1425012411.2010 2437 NAO_
84207466584968 -88 32993139083 1425012411.2010 2412 eduroam_
47491473990 -77 32993139120 1425012411.2010 2437 _
84207466584960 -82 32993139071 1425012411.2010 2412 UofM_
84207466584966 -82 32993139079 1425012411.2010 2412 _
84207466584964 -85 32993139075 1425012411.2010 2412 UofM_Guest_
211938385015619 -86 32993139103 1425012411.2010 2437 viro2_
