189441481136064 -63 33342594288 1425012760.6510 2437 UofM_
189441481136070 -75 33342594304 1425012760.6510 2437 _
47491272329 -67 33342594346 1425012760.6510 5745 eduroam_
189441481136073 -58 33342594370 1425012760.6510 5765 eduroam_
189441481136072 -68 33342594310 1425012760.6510 2437 eduroam_
47491272328 -75 33342594285 1425012760.6510 2412 eduroam_
189441481136069 -56 33342594364 1425012760.6510 5765 UofM_Guest_
47491272320 -75 33342594272 1425012760.6510 2412 UofM_
47491272323 -67 33342594331 1425012760.6510 5745 UofM_Secure_
47491272321 -67 33342594324 1425012760.6510 5745 UofM_
47491272325 -68 33342594338 1425012760.6510 5745 UofM_Guest_
189441481136067 -56 33342594359 1425012760.6510 5765 UofM_Secure_
189441481136071 -58 33342594374 1425012760.6510 5765 _
189441481136065 -58 33342594353 1425012760.6510 5765 UofM_
189441481136068 -74 33342594296 1425012760.6510 2437 UofM_Guest_
47491272322 -74 33339012234 1425012760.6510 2412 UofM_Secure_
189441481136066 -73 33342594292 1425012760.6510 2437 UofM_Secure_
47491272324 -73 33342594276 1425012760.6510 2412 UofM_Guest_
47491272326 -75 33342594280 1425012760.6510 2412 _
47491268864 -92 33342594317 1425012760.6510 2462 UofM_
