47492007872 -77 32578794982 1425011996.8560 2412 UofM_
84207466584960 -86 32575320285 1425011996.8560 2412 UofM_
47492007880 -81 32578794994 1425011996.8560 2412 eduroam_
47492007876 -80 32578794986 1425011996.8560 2412 UofM_Guest_
162797488891936 -86 32575320288 1425011996.8560 2437 viro-geni-2_
47491268873 -70 32578795034 1425011996.8560 5785 eduroam_
47491268867 -70 32578795024 1425011996.8560 5785 UofM_Secure_
47491268872 -73 32575320319 1425011996.8560 2462 eduroam_
47491268869 -69 32578795029 1425011996.8560 5785 UofM_Guest_
47491268865 -66 32578794999 1425011996.8560 5785 UofM_
47491268870 -72 32575320316 1425011996.8560 2462 _
47492007878 -81 32578794990 1425011996.8560 2412 _
47491268871 -72 32578795038 1425011996.8560 5785 _
47491268868 -68 32575320313 1425011996.8560 2462 UofM_Guest_
47491268864 -71 32575320310 1425011996.8560 2462 UofM_
47491473988 -75 32575320302 1425011996.8560 2437 UofM_Guest_
47491473984 -76 32575320294 1425011996.8560 2437 UofM_
47491473992 -76 32575320299 1425011996.8560 2437 eduroam_
47491473990 -80 32575320297 1425011996.8560 2437 _
47491328708 -84 32575320305 1425011996.8560 2437 UofM_Guest_
211938385015619 -86 32575320291 1425011996.8560 2437 viro2_
47491268420 -88 32575320324 1425011996.8560 2462 UofM_Guest_
47491268416 -91 32575320322 1425011996.8560 2462 UofM_
47492007875 -81 32578795015 1425011996.8560 5220 UofM_Secure_
211938385015607 -79 32578795007 1425011996.8560 2437 HS-HOME-NET_
47491328712 -81 32578795003 1425011996.8560 2437 eduroam_
47492007877 -83 32578795019 1425011996.8560 5220 UofM_Guest_
47492007873 -85 32578795011 1425011996.8560 5220 UofM_
