47492007872 -78 32540827926 1425011958.9080 2412 UofM_
84207466584962 -70 32538848992 1425011958.9080 2412 UofM_Secure_
84207466584968 -79 32538849003 1425011958.9080 2412 eduroam_
114896623892006 -80 32540827981 1425011958.9080 2437 NAO_
84207466584966 -80 32538849031 1425011958.9080 2412 _
84207466584964 -79 32540827962 1425011958.9080 2412 UofM_Guest_
84207466584960 -70 32540827957 1425011958.9080 2412 UofM_
189441481137412 -77 32538849040 1425011958.9080 2437 UofM_Guest_
189441481137408 -87 32540827971 1425011958.9080 2437 UofM_
47491959234 -71 32535202372 1425011958.9080 2437 UofM_Secure_
47492007880 -79 32540827952 1425011958.9080 2412 eduroam_
47492007876 -75 32540827942 1425011958.9080 2412 UofM_Guest_
47492007874 -73 32540827937 1425011958.9080 2412 UofM_Secure_
162797488891936 -79 32540827967 1425011958.9080 2437 viro-geni-2_
47491460548 -92 32540828003 1425011958.9080 2462 UofM_Guest_
211938385015619 -84 32540827986 1425011958.9080 2437 viro2_
47491268873 -75 32538849088 1425011958.9080 5785 eduroam_
47491268867 -76 32538849073 1425011958.9080 5785 UofM_Secure_
47491268872 -89 32538849065 1425011958.9080 2462 eduroam_
47491268869 -75 32538849083 1425011958.9080 5785 UofM_Guest_
47491268865 -78 32538849078 1425011958.9080 5785 UofM_
189441481137414 -82 32538849045 1425011958.9080 2437 _
47491268868 -88 32538849060 1425011958.9080 2462 UofM_Guest_
47491268870 -89 32538849070 1425011958.9080 2462 _
47491268864 -89 32538849057 1425011958.9080 2462 UofM_
47492007881 -77 32540828039 1425011958.9080 5220 eduroam_
47492007875 -78 32540828008 1425011958.9080 5220 UofM_Secure_
211938385015607 -84 32540827976 1425011958.9080 2437 HS-HOME-NET_
47492007877 -80 32540828034 1425011958.9080 5220 UofM_Guest_
47492007878 -78 32540827946 1425011958.9080 2412 _
47493331332 -86 32540827994 1425011958.9080 2462 UofM_Guest_
47493331328 -87 32540827990 1425011958.9080 2462 UofM_
47493331334 -90 32540827999 1425011958.9080 2462 _
