47491269571 -80 32461511904 1425011879.5760 5220 UofM_Secure_
211938385015607 -58 32461511857 1425011879.5760 2437 HS-HOME-NET_
162797488891936 -55 32461511845 1425011879.5760 2437 viro-geni-2_
211938385015055 -61 32461511849 1425011879.5760 2437 viro-geni-1_
162797488891937 -76 32461511908 1425011879.5760 5765 Linksys19141_5GHz_
47491269570 -67 32457967984 1425011879.5760 2412 UofM_Secure_
47491269576 -76 32461511836 1425011879.5760 2412 eduroam_
47491269577 -73 32457968052 1425011879.5760 5220 eduroam_
47493331337 -82 32461511900 1425011879.5760 5180 eduroam_
47493331331 -79 32461511893 1425011879.5760 5180 UofM_Secure_
211938385015619 -64 32461511853 1425011879.5760 2437 viro2_
47491269568 -83 32461511840 1425011879.5760 2412 UofM_
47491269574 -66 32457967990 1425011879.5760 2412 _
47491269572 -63 32457967987 1425011879.5760 2412 UofM_Guest_
47491269573 -73 32457968049 1425011879.5760 5220 UofM_Guest_
47491269569 -73 32457968044 1425011879.5760 5220 UofM_
47493331333 -82 32461511897 1425011879.5760 5180 UofM_Guest_
47493331329 -82 32461511889 1425011879.5760 5180 UofM_
47493331334 -76 32461511861 1425011879.5760 2462 _
47493331328 -75 32461511869 1425011879.5760 2462 UofM_
47493331332 -75 32461511873 1425011879.5760 2462 UofM_Guest_
47493331336 -77 32461511865 1425011879.5760 2462 eduroam_
2297084420154 -68 32457967997 1425011879.5760 2412 DIRECT-_
47491269575 -74 32457968057 1425011879.5760 5220 _
47491268424 -84 32461511885 1425011879.5760 2462 eduroam_
47491268420 -83 32461511881 1425011879.5760 2462 UofM_Guest_
47491268416 -86 32461511877 1425011879.5760 2462 UofM_
