47492007872 -77 33598771743 1425013016.8890 2412 UofM_
47492007880 -81 33598771758 1425013016.8890 2412 eduroam_
47492007876 -79 33598771751 1425013016.8890 2412 UofM_Guest_
162797488891936 -77 33594246564 1425013016.8890 2437 viro-geni-2_
211938385015055 -84 33590278051 1425013016.8890 2437 viro-geni-1_
211938385015607 -79 33590278007 1425013016.8890 2437 HS-HOME-NET_
47491268864 -74 33594246573 1425013016.8890 2462 UofM_
47491268868 -92 33598771784 1425013016.8890 2462 UofM_Guest_
47491268872 -75 33594246582 1425013016.8890 2462 eduroam_
47491268870 -77 33594246578 1425013016.8890 2462 _
211938385015619 -87 33590278018 1425013016.8890 2437 viro2_
47492007874 -78 33598771747 1425013016.8890 2412 UofM_Secure_
47491268867 -80 33594246608 1425013016.8890 5785 UofM_Secure_
47491268873 -77 33594246614 1425013016.8890 5785 eduroam_
114896623892006 -85 33594246561 1425013016.8890 2437 NAO_
47491268869 -78 33594246611 1425013016.8890 5785 UofM_Guest_
47491268865 -79 33594246617 1425013016.8890 5785 UofM_
47492007875 -78 33594246600 1425013016.8890 5220 UofM_Secure_
47492007881 -77 33594246605 1425013016.8890 5220 eduroam_
84207466584968 -80 33598771739 1425013016.8890 2412 eduroam_
47491473988 -74 33590278036 1425013016.8890 2437 UofM_Guest_
84207466584964 -80 33598771719 1425013016.8890 2412 UofM_Guest_
84207466584960 -79 33598771713 1425013016.8890 2412 UofM_
47491268866 -76 33594246591 1425013016.8890 2462 UofM_Secure_
47491473992 -76 33590278045 1425013016.8890 2437 eduroam_
162797488891937 -81 33590278119 1425013016.8890 5765 Linksys19141_5GHz_
47491473986 -80 33590278030 1425013016.8890 2437 UofM_Secure_
47491268871 -71 33590278156 1425013016.8890 5785 _
47492007873 -78 33594246596 1425013016.8890 5220 UofM_
47491473990 -76 33590278041 1425013016.8890 2437 _
47492007877 -78 33594246602 1425013016.8890 5220 UofM_Guest_
47492007878 -80 33598771755 1425013016.8890 2412 _
84207466584966 -81 33594246558 1425013016.8890 2412 _
47491959240 -86 33594246567 1425013016.8890 2437 eduroam_
47491460552 -81 33598771765 1425013016.8890 2462 eduroam_
47493331336 -88 33594246588 1425013016.8890 2462 eduroam_
47491959236 -83 33594246570 1425013016.8890 2437 UofM_Guest_
47493331328 -89 33594246585 1425013016.8890 2462 UofM_
84207466584962 -77 33598771716 1425013016.8890 2412 UofM_Secure_
47491460546 -81 33598771781 1425013016.8890 2462 UofM_Secure_
47491460550 -81 33598771788 1425013016.8890 2462 _
47491460544 -83 33598771776 1425013016.8890 2462 UofM_
47491460548 -84 33598771761 1425013016.8890 2462 UofM_Guest_
