47491268873 -77 33538057005 1425012959.6080 5785 eduroam_
47491268867 -77 33538056992 1425012959.6080 5785 UofM_Secure_
47491268869 -77 33538056998 1425012959.6080 5785 UofM_Guest_
47491268865 -79 33541544096 1425012959.6080 5785 UofM_
47492007872 -79 33541544060 1425012959.6080 2412 UofM_
47492007881 -74 33538056986 1425012959.6080 5220 eduroam_
47492007875 -74 33538056976 1425012959.6080 5220 UofM_Secure_
47492007877 -73 33538056981 1425012959.6080 5220 UofM_Guest_
47492007873 -75 33538056971 1425012959.6080 5220 UofM_
47492007880 -80 33541544075 1425012959.6080 2412 eduroam_
47492007876 -78 33541544068 1425012959.6080 2412 UofM_Guest_
47492007878 -79 33541544072 1425012959.6080 2412 _
211938385015607 -83 33538056918 1425012959.6080 2437 HS-HOME-NET_
84207466584968 -79 33541544043 1425012959.6080 2412 eduroam_
84207466584960 -78 33541544047 1425012959.6080 2412 UofM_
84207466584964 -80 33541544056 1425012959.6080 2412 UofM_Guest_
47491268872 -82 33538056943 1425012959.6080 2462 eduroam_
47491268864 -85 33541544101 1425012959.6080 2462 UofM_
47491268868 -81 33538056933 1425012959.6080 2462 UofM_Guest_
47491268870 -84 33538056939 1425012959.6080 2462 _
162797488891936 -82 33541544082 1425012959.6080 2437 viro-geni-2_
114896623892006 -75 33541544079 1425012959.6080 2437 NAO_
84207466584962 -77 33541544052 1425012959.6080 2412 UofM_Secure_
47493331336 -86 33538056960 1425012959.6080 2462 eduroam_
211938385015055 -87 33538056908 1425012959.6080 2437 viro-geni-1_
47493331334 -87 33538056955 1425012959.6080 2462 _
47493331328 -88 33538056949 1425012959.6080 2462 UofM_
47493331332 -90 33538056966 1425012959.6080 2462 UofM_Guest_
47492007874 -74 33541544065 1425012959.6080 2412 UofM_Secure_
189441481137412 -82 33541544091 1425012959.6080 2437 UofM_Guest_
84207466584966 -82 33541544032 1425012959.6080 2412 _
189441481137408 -82 33541544086 1425012959.6080 2437 UofM_
