47491268864 -87 33205764238 1425012638.7660 2462 UofM_
189441481136067 -70 33220702420 1425012638.7660 5765 UofM_Secure_
189441481136073 -73 33210431078 1425012638.7660 5765 eduroam_
189441481136069 -77 33220702460 1425012638.7660 5765 UofM_Guest_
189441481136068 -68 33220702428 1425012638.7660 2437 UofM_Guest_
47491959240 -82 33210154509 1425012638.7660 2437 eduroam_
47491959236 -82 33210431092 1425012638.7660 2437 UofM_Guest_
47491959238 -84 33210431104 1425012638.7660 2437 _
47491959232 -83 33210431085 1425012638.7660 2437 UofM_
189441481136065 -79 33220702454 1425012638.7660 5765 UofM_
47491463110 -88 33209328444 1425012638.7660 2412 _
47494398596 -84 33220702438 1425012638.7660 2462 UofM_Guest_
189441481136066 -70 33220702424 1425012638.7660 2437 UofM_Secure_
71145876123144 -89 33209328477 1425012638.7660 2462 eduroam_
189441481136064 -74 33220702416 1425012638.7660 2437 UofM_
71145876123140 -89 33209328473 1425012638.7660 2462 UofM_Guest_
189441481136072 -72 33220702435 1425012638.7660 2437 eduroam_
47491272322 -81 33220702402 1425012638.7660 2412 UofM_Secure_
47491272328 -84 33220702409 1425012638.7660 2412 eduroam_
47494398600 -85 33220702445 1425012638.7660 2462 eduroam_
189441481136070 -67 33220702431 1425012638.7660 2437 _
47494398592 -84 33220702449 1425012638.7660 2462 UofM_
47491272324 -84 33220702405 1425012638.7660 2412 UofM_Guest_
47491272326 -84 33220702413 1425012638.7660 2412 _
47494398598 -87 33220702442 1425012638.7660 2462 _
47491272320 -87 33220702398 1425012638.7660 2412 UofM_
