47492007872 -79 32585729185 1425012003.7910 2412 UofM_
84207466584960 -86 32585729162 1425012003.7910 2412 UofM_
47492007880 -80 32585729198 1425012003.7910 2412 eduroam_
47492007876 -74 32585729191 1425012003.7910 2412 UofM_Guest_
162797488891936 -73 32585729221 1425012003.7910 2437 viro-geni-2_
47491268873 -58 32585729246 1425012003.7910 5785 eduroam_
47491268867 -59 32585729239 1425012003.7910 5785 UofM_Secure_
47491268869 -59 32585729242 1425012003.7910 5785 UofM_Guest_
47491268865 -55 32585729201 1425012003.7910 5785 UofM_
47491268870 -73 32585729231 1425012003.7910 2462 _
47492007878 -77 32585729194 1425012003.7910 2412 _
47491268868 -70 32585729228 1425012003.7910 2462 UofM_Guest_
211938385015607 -79 32585729205 1425012003.7910 2437 HS-HOME-NET_
47492007874 -77 32585729188 1425012003.7910 2412 UofM_Secure_
84207466584968 -84 32585729178 1425012003.7910 2412 eduroam_
211938385015055 -86 32582262617 1425012003.7910 2437 viro-geni-1_
47493331336 -91 32582262630 1425012003.7910 2462 eduroam_
84207466584966 -84 32582262607 1425012003.7910 2412 _
84207466584964 -86 32585729175 1425012003.7910 2412 UofM_Guest_
47493331332 -88 32582262627 1425012003.7910 2462 UofM_Guest_
47491268872 -71 32585729236 1425012003.7910 2462 eduroam_
9354243434185 -81 32585729259 1425012003.7910 5785 eduroam_
9354243434179 -82 32585729249 1425012003.7910 5785 UofM_Secure_
47491473992 -79 32585729218 1425012003.7910 2437 eduroam_
47491473986 -81 32585729211 1425012003.7910 2437 UofM_Secure_
84207466584962 -84 32585729181 1425012003.7910 2412 UofM_Secure_
47491269576 -90 32585729172 1425012003.7910 2412 eduroam_
47491268864 -72 32585729225 1425012003.7910 2462 UofM_
9354243434181 -81 32585729252 1425012003.7910 5785 UofM_Guest_
9354243434183 -82 32585729256 1425012003.7910 5785 _
47491473988 -79 32585729214 1425012003.7910 2437 UofM_Guest_
47491473984 -79 32585729208 1425012003.7910 2437 UofM_
47491269572 -87 32585729168 1425012003.7910 2412 UofM_Guest_
47491269568 -87 32585729165 1425012003.7910 2412 UofM_
