47491268873 -45 32616944942 1425012035.0030 5785 eduroam_
47491268867 -43 32616944935 1425012035.0030 5785 UofM_Secure_
47491268869 -43 32616944939 1425012035.0030 5785 UofM_Guest_
47491268865 -39 32616944857 1425012035.0030 5785 UofM_
47491268870 -52 32616944896 1425012035.0030 2462 _
47491268868 -52 32616944892 1425012035.0030 2462 UofM_Guest_
47491268872 -53 32616944899 1425012035.0030 2462 eduroam_
47491268864 -51 32616944889 1425012035.0030 2462 UofM_
47491271496 -70 32616944886 1425012035.0030 2437 eduroam_
47491959240 -70 32616944870 1425012035.0030 2437 eduroam_
47491959232 -71 32616944860 1425012035.0030 2437 UofM_
47491959236 -67 32616944863 1425012035.0030 2437 UofM_Guest_
47491271492 -69 32616944879 1425012035.0030 2437 UofM_Guest_
47491959238 -68 32616944866 1425012035.0030 2437 _
47491271494 -69 32616944883 1425012035.0030 2437 _
47491959235 -78 32616944906 1425012035.0030 5180 UofM_Secure_
47491271491 -75 32616944922 1425012035.0030 5220 UofM_Secure_
47491959241 -78 32616944916 1425012035.0030 5180 eduroam_
47491271497 -73 32616944929 1425012035.0030 5220 eduroam_
47491959233 -78 32616944902 1425012035.0030 5180 UofM_
47491959237 -78 32616944909 1425012035.0030 5180 UofM_Guest_
47491271488 -71 32616944873 1425012035.0030 2437 UofM_
47491271489 -75 32616944919 1425012035.0030 5220 UofM_
47491271493 -77 32616944926 1425012035.0030 5220 UofM_Guest_
47491959234 -73 32613479573 1425012035.0030 2437 UofM_Secure_
47492007876 -89 32613479552 1425012035.0030 2412 UofM_Guest_
47491271490 -71 32616944876 1425012035.0030 2437 UofM_Secure_
47491271495 -75 32616944932 1425012035.0030 5220 _
47491959239 -78 32616944912 1425012035.0030 5180 _
