47491272329 -75 32707939175 1425012125.9960 5745 eduroam_
47491272321 -74 32707939178 1425012125.9960 5745 UofM_
47491272328 -66 32707939133 1425012125.9960 2412 eduroam_
47491272326 -67 32707939129 1425012125.9960 2412 _
47491272320 -66 32707939119 1425012125.9960 2412 UofM_
47491272323 -75 32707939168 1425012125.9960 5745 UofM_Secure_
47491272325 -72 32707939172 1425012125.9960 5745 UofM_Guest_
47491272324 -66 32707939124 1425012125.9960 2412 UofM_Guest_
189441481136067 -52 32707939188 1425012125.9960 5765 UofM_Secure_
189441481136073 -51 32707939197 1425012125.9960 5765 eduroam_
189441481136065 -49 32707939185 1425012125.9960 5765 UofM_
189441481136069 -50 32707939193 1425012125.9960 5765 UofM_Guest_
189441481136068 -43 32707939140 1425012125.9960 2437 UofM_Guest_
47491272322 -61 32704415334 1425012125.9960 2412 UofM_Secure_
189441481136072 -49 32707939148 1425012125.9960 2437 eduroam_
189441481136064 -44 32707939137 1425012125.9960 2437 UofM_
189441481136070 -49 32707939144 1425012125.9960 2437 _
47494398601 -81 32704415424 1425012125.9960 5805 eduroam_
47494398600 -84 32707939163 1425012125.9960 2462 eduroam_
47491268864 -86 32704415371 1425012125.9960 2462 UofM_
47494398596 -87 32707939155 1425012125.9960 2462 UofM_Guest_
47494398592 -85 32707939151 1425012125.9960 2462 UofM_
189441481136071 -51 32707939201 1425012125.9960 5765 _
47491272327 -73 32707939181 1425012125.9960 5745 _
47494398598 -85 32707939160 1425012125.9960 2462 _
