47491272320 -89 32972080512 1425012393.7390 2412 UofM_
47491272324 -90 32972080516 1425012393.7390 2412 UofM_Guest_
47491268867 -50 32975671266 1425012393.7390 5785 UofM_Secure_
47491268873 -51 32975671411 1425012393.7390 5785 eduroam_
47491268869 -50 32975671405 1425012393.7390 5785 UofM_Guest_
47491268865 -51 32975671400 1425012393.7390 5785 UofM_
47491268868 -61 32975671350 1425012393.7390 2462 UofM_Guest_
47491268864 -59 32975671369 1425012393.7390 2462 UofM_
47491268872 -63 32975671363 1425012393.7390 2462 eduroam_
47491268866 -61 32972080595 1425012393.7390 2462 UofM_Secure_
47491268870 -65 32975671355 1425012393.7390 2462 _
47491463112 -85 32972080507 1425012393.7390 2412 eduroam_
47491463108 -86 32972080496 1425012393.7390 2412 UofM_Guest_
47491463104 -84 32972080500 1425012393.7390 2412 UofM_
47491463110 -88 32972080504 1425012393.7390 2412 _
47491959234 -72 32975671337 1425012393.7390 2437 UofM_Secure_
47491271496 -69 32975671328 1425012393.7390 2437 eduroam_
47491959240 -68 32975671291 1425012393.7390 2437 eduroam_
47491272328 -86 32972080520 1425012393.7390 2412 eduroam_
47491959239 -81 32972080604 1425012393.7390 5180 _
47491959236 -68 32975671279 1425012393.7390 2437 UofM_Guest_
47491271492 -69 32975671307 1425012393.7390 2437 UofM_Guest_
47491959238 -77 32975671285 1425012393.7390 2437 _
47491271488 -70 32975671300 1425012393.7390 2437 UofM_
47491959232 -69 32975671272 1425012393.7390 2437 UofM_
47491271497 -73 32975671394 1425012393.7390 5220 eduroam_
47491271491 -73 32975671380 1425012393.7390 5220 UofM_Secure_
47491271490 -71 32975671343 1425012393.7390 2437 UofM_Secure_
47491271489 -74 32975671374 1425012393.7390 5220 UofM_
47491271493 -75 32975671386 1425012393.7390 5220 UofM_Guest_
47491271494 -74 32975671321 1425012393.7390 2437 _
47492007876 -91 32975671259 1425012393.7390 2412 UofM_Guest_
