189441481136072 -74 32765862951 1425012183.9260 2437 eduroam_
189441481136064 -67 32765862933 1425012183.9260 2437 UofM_
189441481136070 -73 32765862946 1425012183.9260 2437 _
189441481136067 -63 32765862928 1425012183.9260 5765 UofM_Secure_
189441481136073 -67 32765862998 1425012183.9260 5765 eduroam_
189441481136068 -75 32765862941 1425012183.9260 2437 UofM_Guest_
47491272323 -71 32765862975 1425012183.9260 5745 UofM_Secure_
189441481136069 -68 32765862993 1425012183.9260 5765 UofM_Guest_
189441481136065 -67 32765862989 1425012183.9260 5765 UofM_
189441481136071 -70 32765863003 1425012183.9260 5765 _
47491272321 -72 32765862969 1425012183.9260 5745 UofM_
47491272329 -71 32765862984 1425012183.9260 5745 eduroam_
189441481136066 -73 32765862955 1425012183.9260 2437 UofM_Secure_
47491272322 -79 32765862914 1425012183.9260 2412 UofM_Secure_
47491272328 -79 32765862920 1425012183.9260 2412 eduroam_
47494398600 -87 32765862966 1425012183.9260 2462 eduroam_
47491272325 -72 32765862979 1425012183.9260 5745 UofM_Guest_
47491272320 -78 32765862909 1425012183.9260 2412 UofM_
47491272324 -80 32765862917 1425012183.9260 2412 UofM_Guest_
47491272326 -83 32765862924 1425012183.9260 2412 _
47494398592 -84 32765862959 1425012183.9260 2462 UofM_
47494398596 -86 32765862962 1425012183.9260 2462 UofM_Guest_
