47491272320 -71 33387635296 1425012805.6980 2412 UofM_
47491271488 -77 33383298273 1425012805.6980 2437 UofM_
47491271496 -77 33383298285 1425012805.6980 2437 eduroam_
47491271492 -76 33383298298 1425012805.6980 2437 UofM_Guest_
47491271491 -82 33383298315 1425012805.6980 5220 UofM_Secure_
47491271497 -80 33383298305 1425012805.6980 5220 eduroam_
47491271490 -73 33383298292 1425012805.6980 2437 UofM_Secure_
47491271493 -81 33383298321 1425012805.6980 5220 UofM_Guest_
47491271494 -78 33383298280 1425012805.6980 2437 _
47491272329 -68 33387635334 1425012805.6980 5745 eduroam_
47491272323 -66 33387635322 1425012805.6980 5745 UofM_Secure_
47491272322 -78 33383298250 1425012805.6980 2412 UofM_Secure_
47491272328 -71 33387635312 1425012805.6980 2412 eduroam_
47491271489 -83 33383298310 1425012805.6980 5220 UofM_
47491272325 -67 33387635330 1425012805.6980 5745 UofM_Guest_
47491272321 -65 33387635316 1425012805.6980 5745 UofM_
47491272324 -71 33387635302 1425012805.6980 2412 UofM_Guest_
47491272326 -70 33387635307 1425012805.6980 2412 _
189441481136073 -77 33387635361 1425012805.6980 5765 eduroam_
189441481136067 -77 33387635348 1425012805.6980 5765 UofM_Secure_
47491272327 -68 33387635339 1425012805.6980 5745 _
189441481136065 -78 33387635343 1425012805.6980 5765 UofM_
189441481136069 -80 33387635356 1425012805.6980 5765 UofM_Guest_
