189441481136072 -68 32868327677 1425012286.3880 2437 eduroam_
47491272328 -64 32868327662 1425012286.3880 2412 eduroam_
47491272320 -63 32868327652 1425012286.3880 2412 UofM_
47491272324 -63 32868327659 1425012286.3880 2412 UofM_Guest_
47491272326 -64 32868327665 1425012286.3880 2412 _
47491272323 -69 32868327687 1425012286.3880 5745 UofM_Secure_
47491268872 -75 32855018852 1425012286.3880 2462 eduroam_
47491268868 -74 32855018861 1425012286.3880 2462 UofM_Guest_
47491268864 -77 32855018856 1425012286.3880 2462 UofM_
47491272322 -62 32868327656 1425012286.3880 2412 UofM_Secure_
47489366208 -91 32855018782 1425012286.3880 2412 UofM_
47491272329 -69 32868327693 1425012286.3880 5745 eduroam_
47491271497 -77 32855018893 1425012286.3880 5220 eduroam_
47491271491 -77 32855018881 1425012286.3880 5220 UofM_Secure_
47491268866 -75 32855018871 1425012286.3880 2462 UofM_Secure_
47491271490 -76 32855018838 1425012286.3880 2437 UofM_Secure_
47491271496 -78 32855018824 1425012286.3880 2437 eduroam_
47491328712 -85 32855018820 1425012286.3880 2437 eduroam_
47491272321 -71 32868327683 1425012286.3880 5745 UofM_
47491272325 -70 32868327690 1425012286.3880 5745 UofM_Guest_
47491271493 -77 32855018887 1425012286.3880 5220 UofM_Guest_
47491271489 -77 32855018875 1425012286.3880 5220 UofM_
47491271488 -75 32855018834 1425012286.3880 2437 UofM_
47491271492 -76 32855018842 1425012286.3880 2437 UofM_Guest_
47491268870 -78 32855018866 1425012286.3880 2462 _
47491328708 -82 32855018810 1425012286.3880 2437 UofM_Guest_
47491328704 -84 32855018847 1425012286.3880 2437 UofM_
47491328710 -85 32855018816 1425012286.3880 2437 _
189441481136067 -71 32868327700 1425012286.3880 5765 UofM_Secure_
189441481136066 -67 32868327680 1425012286.3880 2437 UofM_Secure_
189441481136073 -74 32868327708 1425012286.3880 5765 eduroam_
189441481136069 -70 32868327704 1425012286.3880 5765 UofM_Guest_
189441481136065 -71 32868327697 1425012286.3880 5765 UofM_
189441481136068 -67 32868327671 1425012286.3880 2437 UofM_Guest_
189441481136070 -70 32868327674 1425012286.3880 2437 _
189441481136064 -73 32868327668 1425012286.3880 2437 UofM_
