47491269571 -74 32454405434 1425011872.4720 5220 UofM_Secure_
211938385015607 -49 32454405429 1425011872.4720 2437 HS-HOME-NET_
162797488891936 -47 32454405419 1425011872.4720 2437 viro-geni-2_
211938385015055 -58 32454405443 1425011872.4720 2437 viro-geni-1_
162797488891937 -55 32454405534 1425011872.4720 5765 Linksys19141_5GHz_
47491269570 -64 32454405404 1425011872.4720 2412 UofM_Secure_
47491269576 -63 32454405414 1425011872.4720 2412 eduroam_
47491269577 -74 32454405525 1425011872.4720 5220 eduroam_
47493331337 -76 32454405502 1425011872.4720 5180 eduroam_
47493331331 -75 32454405491 1425011872.4720 5180 UofM_Secure_
47492007881 -76 32360962948 1425011872.4720 5220 eduroam_
47492007880 -89 32360962737 1425011872.4720 2412 eduroam_
211938385015619 -58 32454405438 1425011872.4720 2437 viro2_
47491269568 -62 32454405399 1425011872.4720 2412 UofM_
47491269574 -87 32454405424 1425011872.4720 2412 _
47491269572 -63 32454405409 1425011872.4720 2412 UofM_Guest_
47491269573 -73 32454405518 1425011872.4720 5220 UofM_Guest_
47491269569 -75 32454405512 1425011872.4720 5220 UofM_
47493331333 -74 32454405496 1425011872.4720 5180 UofM_Guest_
47493331329 -74 32454405485 1425011872.4720 5180 UofM_
47492007877 -76 32360962936 1425011872.4720 5220 UofM_Guest_
47493331334 -78 32454405466 1425011872.4720 2462 _
47493331328 -75 32454405447 1425011872.4720 2462 UofM_
47493331332 -78 32454405454 1425011872.4720 2462 UofM_Guest_
47492007876 -87 32360962725 1425011872.4720 2412 UofM_Guest_
47493331336 -73 32454405472 1425011872.4720 2462 eduroam_
47493331330 -77 32454405479 1425011872.4720 2462 UofM_Secure_
2297084420154 -59 32454405393 1425011872.4720 2412 DIRECT-_
47491269575 -76 32454405529 1425011872.4720 5220 _
47493331335 -76 32454405507 1425011872.4720 5180 _
