189441481136064 -64 33313911675 1425012731.9740 2437 UofM_
189441481136070 -64 33313911697 1425012731.9740 2437 _
189441481136068 -70 33313911693 1425012731.9740 2437 UofM_Guest_
189441481136065 -60 33313911747 1425012731.9740 5765 UofM_
47491272329 -55 33313911718 1425012731.9740 5745 eduroam_
47491272323 -55 33313911710 1425012731.9740 5745 UofM_Secure_
47491272321 -56 33313911705 1425012731.9740 5745 UofM_
47491272325 -55 33313911714 1425012731.9740 5745 UofM_Guest_
189441481136067 -61 33313911753 1425012731.9740 5765 UofM_Secure_
189441481136073 -59 33313911762 1425012731.9740 5765 eduroam_
189441481136072 -71 33313911701 1425012731.9740 2437 eduroam_
189441481136066 -66 33313911688 1425012731.9740 2437 UofM_Secure_
47491272322 -71 33313911666 1425012731.9740 2412 UofM_Secure_
47491272328 -71 33313911671 1425012731.9740 2412 eduroam_
189441481136071 -72 33310342617 1425012731.9740 5765 _
189441481136069 -59 33313911757 1425012731.9740 5765 UofM_Guest_
47491272324 -68 33313911679 1425012731.9740 2412 UofM_Guest_
47491272320 -66 33313911660 1425012731.9740 2412 UofM_
47491272326 -71 33313911684 1425012731.9740 2412 _
