47491268865 -79 33541544096 1425012963.1110 5785 UofM_
47492007872 -77 33545046044 1425012963.1110 2412 UofM_
47492007880 -79 33545046062 1425012963.1110 2412 eduroam_
47492007876 -81 33545046054 1425012963.1110 2412 UofM_Guest_
47492007878 -81 33545046058 1425012963.1110 2412 _
84207466584968 -73 33545046039 1425012963.1110 2412 eduroam_
84207466584960 -76 33545046025 1425012963.1110 2412 UofM_
84207466584964 -74 33545046035 1425012963.1110 2412 UofM_Guest_
47491268864 -85 33541544101 1425012963.1110 2462 UofM_
162797488891936 -82 33545046073 1425012963.1110 2437 viro-geni-2_
114896623892006 -74 33545046096 1425012963.1110 2437 NAO_
84207466584962 -73 33545046030 1425012963.1110 2412 UofM_Secure_
47492007874 -77 33545046049 1425012963.1110 2412 UofM_Secure_
189441481137412 -82 33541544091 1425012963.1110 2437 UofM_Guest_
84207466584966 -78 33545046068 1425012963.1110 2412 _
189441481137408 -82 33541544086 1425012963.1110 2437 UofM_
47491959234 -79 33545046100 1425012963.1110 2437 UofM_Secure_
47491460546 -82 33545046124 1425012963.1110 2462 UofM_Secure_
47491959240 -82 33545046092 1425012963.1110 2437 eduroam_
47491460552 -87 33545046119 1425012963.1110 2462 eduroam_
47491959236 -78 33545046083 1425012963.1110 2437 UofM_Guest_
47491959232 -80 33545046078 1425012963.1110 2437 UofM_
47491959238 -81 33545046088 1425012963.1110 2437 _
47491460550 -82 33545046114 1425012963.1110 2462 _
47491460544 -85 33545046105 1425012963.1110 2462 UofM_
47491460548 -86 33545046109 1425012963.1110 2462 UofM_Guest_
