47492007872 -84 33164820693 1425012582.8800 2412 UofM_
47491268870 -55 33164820750 1425012582.8800 2462 _
47491268868 -56 33164820747 1425012582.8800 2462 UofM_Guest_
47491268864 -55 33164820744 1425012582.8800 2462 UofM_
47491268872 -56 33164820753 1425012582.8800 2462 eduroam_
47491268867 -53 33164820783 1425012582.8800 5785 UofM_Secure_
47491268873 -55 33164820790 1425012582.8800 5785 eduroam_
47491268869 -55 33164820786 1425012582.8800 5785 UofM_Guest_
47491268865 -53 33164820780 1425012582.8800 5785 UofM_
47491959238 -72 33164820702 1425012582.8800 2437 _
47491959236 -71 33164820720 1425012582.8800 2437 UofM_Guest_
47491959241 -76 33164820765 1425012582.8800 5180 eduroam_
47491959235 -77 33164820759 1425012582.8800 5180 UofM_Secure_
47491959240 -71 33164820705 1425012582.8800 2437 eduroam_
47491271496 -84 33164820740 1425012582.8800 2437 eduroam_
47491959233 -74 33164820756 1425012582.8800 5180 UofM_
47491959237 -77 33164820762 1425012582.8800 5180 UofM_Guest_
47491959232 -70 33164820717 1425012582.8800 2437 UofM_
47491271494 -71 33164820714 1425012582.8800 2437 _
47491271488 -72 33164820708 1425012582.8800 2437 UofM_
47491271492 -73 33164820710 1425012582.8800 2437 UofM_Guest_
47491271497 -67 33164820777 1425012582.8800 5220 eduroam_
47491271491 -67 33164820771 1425012582.8800 5220 UofM_Secure_
47491271489 -66 33164820768 1425012582.8800 5220 UofM_
47491271493 -66 33164820774 1425012582.8800 5220 UofM_Guest_
47492007880 -88 33164820699 1425012582.8800 2412 eduroam_
47492007876 -86 33164820696 1425012582.8800 2412 UofM_Guest_
