47491272328 -85 33450121032 1425012876.4920 2412 eduroam_
47491272321 -79 33450121040 1425012876.4920 5745 UofM_
47491272324 -85 33450121022 1425012876.4920 2412 UofM_Guest_
47491272326 -84 33450121027 1425012876.4920 2412 _
189441481136065 -81 33453717774 1425012876.4920 5765 UofM_
189441481136064 -81 33453342801 1425012876.4920 2437 UofM_
189441481136072 -77 33453342837 1425012876.4920 2437 eduroam_
189441481136068 -82 33458343165 1425012876.4920 2437 UofM_Guest_
189441481136070 -82 33453342832 1425012876.4920 2437 _
47494398600 -81 33458343183 1425012876.4920 2462 eduroam_
47494398596 -79 33458343176 1425012876.4920 2462 UofM_Guest_
47494398598 -80 33458343187 1425012876.4920 2462 _
47491959236 -67 33458343142 1425012876.4920 2437 UofM_Guest_
47491959238 -68 33458343152 1425012876.4920 2437 _
189441481136066 -80 33453717808 1425012876.4920 2437 UofM_Secure_
47494398592 -82 33458343169 1425012876.4920 2462 UofM_
47491959240 -68 33458343155 1425012876.4920 2437 eduroam_
47491959232 -67 33458343131 1425012876.4920 2437 UofM_
47491959234 -71 33458343136 1425012876.4920 2437 UofM_Secure_
47494398594 -79 33458343173 1425012876.4920 2462 UofM_Secure_
47491271492 -84 33458343128 1425012876.4920 2437 UofM_Guest_
47491268864 -85 33458343179 1425012876.4920 2462 UofM_
47491271488 -86 33458343161 1425012876.4920 2437 UofM_
