47492007872 -83 33581420907 1425012999.4790 2412 UofM_
47492007880 -85 33581420915 1425012999.4790 2412 eduroam_
47492007876 -84 33581420912 1425012999.4790 2412 UofM_Guest_
162797488891936 -75 33581420927 1425012999.4790 2437 viro-geni-2_
211938385015055 -76 33581420931 1425012999.4790 2437 viro-geni-1_
211938385015607 -61 33581420924 1425012999.4790 2437 HS-HOME-NET_
47493331329 -80 33581420946 1425012999.4790 5180 UofM_
47491268864 -84 33581420934 1425012999.4790 2462 UofM_
47491268868 -84 33581420937 1425012999.4790 2462 UofM_Guest_
47491268872 -86 33581420943 1425012999.4790 2462 eduroam_
47493331337 -82 33581420952 1425012999.4790 5180 eduroam_
47493331331 -79 33581420949 1425012999.4790 5180 UofM_Secure_
47493331333 -70 33577848791 1425012999.4790 5180 UofM_Guest_
47491268870 -88 33581420940 1425012999.4790 2462 _
211938385015619 -78 33581420921 1425012999.4790 2437 viro2_
47493331328 -82 33577848779 1425012999.4790 2462 UofM_
47493331330 -81 33581420954 1425012999.4790 2462 UofM_Secure_
47493331335 -71 33577848799 1425012999.4790 5180 _
2297084420154 -71 33581420918 1425012999.4790 2412 DIRECT-_
47492007874 -76 33581420909 1425012999.4790 2412 UofM_Secure_
47491269576 -82 33581420904 1425012999.4790 2412 eduroam_
