47492007872 -84 33164820693 1425012585.1030 2412 UofM_
47491268870 -78 33167030347 1425012585.1030 2462 _
47491268868 -56 33164820747 1425012585.1030 2462 UofM_Guest_
47491268864 -79 33167030343 1425012585.1030 2462 UofM_
47491268872 -80 33167030352 1425012585.1030 2462 eduroam_
47491268867 -53 33164820783 1425012585.1030 5785 UofM_Secure_
47491268873 -55 33164820790 1425012585.1030 5785 eduroam_
47491268869 -55 33164820786 1425012585.1030 5785 UofM_Guest_
47491268865 -53 33164820780 1425012585.1030 5785 UofM_
47491959238 -75 33167030307 1425012585.1030 2437 _
47491959236 -74 33167030297 1425012585.1030 2437 UofM_Guest_
47491959241 -78 33167030384 1425012585.1030 5180 eduroam_
47491959235 -78 33167030364 1425012585.1030 5180 UofM_Secure_
47491959240 -77 33167030312 1425012585.1030 2437 eduroam_
47491271496 -68 33167030284 1425012585.1030 2437 eduroam_
47491959233 -78 33167030357 1425012585.1030 5180 UofM_
47491959237 -77 33167030375 1425012585.1030 5180 UofM_Guest_
47491959232 -74 33167030291 1425012585.1030 2437 UofM_
47491271494 -70 33167030280 1425012585.1030 2437 _
47491271488 -68 33167030268 1425012585.1030 2437 UofM_
47491271492 -69 33167030276 1425012585.1030 2437 UofM_Guest_
47491271497 -74 33167030401 1425012585.1030 5220 eduroam_
47491271491 -73 33167030393 1425012585.1030 5220 UofM_Secure_
47491271489 -72 33167030388 1425012585.1030 5220 UofM_
47491271493 -73 33167030397 1425012585.1030 5220 UofM_Guest_
47492007880 -88 33164820699 1425012585.1030 2412 eduroam_
47492007876 -86 33164820696 1425012585.1030 2412 UofM_Guest_
47491959234 -71 33167030319 1425012585.1030 2437 UofM_Secure_
47491271490 -72 33167030332 1425012585.1030 2437 UofM_Secure_
189441481136072 -84 33167030339 1425012585.1030 2437 eduroam_
47491959239 -79 33167030379 1425012585.1030 5180 _
