47491272320 -77 33383298243 1425012801.4600 2412 UofM_
47491271488 -77 33383298273 1425012801.4600 2437 UofM_
47491271496 -77 33383298285 1425012801.4600 2437 eduroam_
47491271492 -76 33383298298 1425012801.4600 2437 UofM_Guest_
47491271491 -82 33383298315 1425012801.4600 5220 UofM_Secure_
47491271497 -80 33383298305 1425012801.4600 5220 eduroam_
47491271490 -73 33383298292 1425012801.4600 2437 UofM_Secure_
47491271493 -81 33383298321 1425012801.4600 5220 UofM_Guest_
47491271494 -78 33383298280 1425012801.4600 2437 _
47491272329 -76 33383298343 1425012801.4600 5745 eduroam_
47491272323 -74 33383298333 1425012801.4600 5745 UofM_Secure_
47491272322 -78 33383298250 1425012801.4600 2412 UofM_Secure_
47491272328 -79 33383298267 1425012801.4600 2412 eduroam_
47491268872 -87 33380043973 1425012801.4600 2462 eduroam_
47491271495 -73 33380043999 1425012801.4600 5220 _
47491271489 -83 33383298310 1425012801.4600 5220 UofM_
47491272325 -77 33383298338 1425012801.4600 5745 UofM_Guest_
47491272321 -75 33383298328 1425012801.4600 5745 UofM_
47491272324 -80 33383298256 1425012801.4600 2412 UofM_Guest_
47491272326 -79 33383298262 1425012801.4600 2412 _
47491268868 -83 33380043970 1425012801.4600 2462 UofM_Guest_
47491328710 -84 33380043963 1425012801.4600 2437 _
47491268870 -87 33380043977 1425012801.4600 2462 _
47491268864 -87 33380043967 1425012801.4600 2462 UofM_
