189441481136064 -80 33299429622 1425012717.4870 2437 UofM_
189441481136072 -69 33295834047 1425012717.4870 2437 eduroam_
189441481136070 -83 33299429628 1425012717.4870 2437 _
189441481136068 -82 33299429624 1425012717.4870 2437 UofM_Guest_
189441481136067 -80 33295834071 1425012717.4870 5765 UofM_Secure_
189441481136073 -78 33295834067 1425012717.4870 5765 eduroam_
189441481136069 -79 33295834062 1425012717.4870 5765 UofM_Guest_
189441481136065 -81 33295834057 1425012717.4870 5765 UofM_
47491272328 -80 33295834017 1425012717.4870 2412 eduroam_
47491272320 -78 33295833988 1425012717.4870 2412 UofM_
47491272324 -77 33295834000 1425012717.4870 2412 UofM_Guest_
47491272326 -79 33295834013 1425012717.4870 2412 _
189441481136066 -70 33295834051 1425012717.4870 2437 UofM_Secure_
47491272322 -76 33295833994 1425012717.4870 2412 UofM_Secure_
47491268867 -77 33299429643 1425012717.4870 5785 UofM_Secure_
47491268873 -77 33299429649 1425012717.4870 5785 eduroam_
47491268872 -87 33299429637 1425012717.4870 2462 eduroam_
47491268869 -76 33299429646 1425012717.4870 5785 UofM_Guest_
47491268865 -78 33299429640 1425012717.4870 5785 UofM_
47491268864 -84 33299429631 1425012717.4870 2462 UofM_
47491268868 -86 33299429634 1425012717.4870 2462 UofM_Guest_
