189441481136064 -72 33281509295 1425012699.5690 2437 UofM_
189441481136072 -79 33281509306 1425012699.5690 2437 eduroam_
189441481136070 -87 33281509302 1425012699.5690 2437 _
189441481136068 -76 33281509299 1425012699.5690 2437 UofM_Guest_
47491268867 -77 33277928072 1425012699.5690 5785 UofM_Secure_
189441481136067 -74 33281509333 1425012699.5690 5765 UofM_Secure_
47491268873 -76 33277928079 1425012699.5690 5785 eduroam_
189441481136073 -74 33281509345 1425012699.5690 5765 eduroam_
47491463112 -87 33277928033 1425012699.5690 2412 eduroam_
47491268865 -76 33277928068 1425012699.5690 5785 UofM_
47491268869 -76 33277928076 1425012699.5690 5785 UofM_Guest_
189441481136069 -75 33281509341 1425012699.5690 5765 UofM_Guest_
189441481136065 -75 33281509330 1425012699.5690 5765 UofM_
47491959232 -80 33277928040 1425012699.5690 2437 UofM_
47491959238 -83 33277928044 1425012699.5690 2437 _
47491268864 -82 33281509309 1425012699.5690 2462 UofM_
47491463104 -87 33277928028 1425012699.5690 2412 UofM_
47491463108 -88 33277928037 1425012699.5690 2412 UofM_Guest_
47491268868 -85 33281509314 1425012699.5690 2462 UofM_Guest_
47491268870 -85 33281509320 1425012699.5690 2462 _
