189441481136064 -69 33285090382 1425012703.1490 2437 UofM_
189441481136072 -76 33285090397 1425012703.1490 2437 eduroam_
189441481136070 -77 33285090392 1425012703.1490 2437 _
189441481136068 -74 33285090387 1425012703.1490 2437 UofM_Guest_
189441481136067 -68 33285090432 1425012703.1490 5765 UofM_Secure_
189441481136073 -69 33285090441 1425012703.1490 5765 eduroam_
189441481136069 -70 33285090436 1425012703.1490 5765 UofM_Guest_
189441481136065 -69 33285090426 1425012703.1490 5765 UofM_
47491268864 -82 33281509309 1425012703.1490 2462 UofM_
47491268868 -85 33281509314 1425012703.1490 2462 UofM_Guest_
47491268870 -85 33281509320 1425012703.1490 2462 _
47491272329 -76 33285090417 1425012703.1490 5745 eduroam_
47491272323 -76 33285090407 1425012703.1490 5745 UofM_Secure_
47491272322 -80 33285090372 1425012703.1490 2412 UofM_Secure_
47491272328 -83 33285090362 1425012703.1490 2412 eduroam_
47491272325 -77 33285090412 1425012703.1490 5745 UofM_Guest_
47491272327 -77 33285090422 1425012703.1490 5745 _
47491272321 -77 33285090401 1425012703.1490 5745 UofM_
47491272320 -84 33285090367 1425012703.1490 2412 UofM_
47491272324 -85 33285090377 1425012703.1490 2412 UofM_Guest_
47491272326 -85 33285090358 1425012703.1490 2412 _
