189441481136067 -78 33248177372 1425012673.6090 5765 UofM_Secure_
189441481136064 -77 33255507071 1425012673.6090 2437 UofM_
189441481136072 -84 33254320407 1425012673.6090 2437 eduroam_
189441481136070 -78 33255507083 1425012673.6090 2437 _
189441481136068 -77 33255507079 1425012673.6090 2437 UofM_Guest_
47491959234 -78 33254320424 1425012673.6090 2437 UofM_Secure_
47491959240 -83 33254320420 1425012673.6090 2437 eduroam_
47491268872 -86 33254320443 1425012673.6090 2462 eduroam_
47491463112 -87 33254320388 1425012673.6090 2412 eduroam_
47494398600 -89 33254320464 1425012673.6090 2462 eduroam_
47491959236 -79 33254320412 1425012673.6090 2437 UofM_Guest_
47491959237 -86 33254320468 1425012673.6090 5180 UofM_Guest_
47491463104 -83 33254320392 1425012673.6090 2412 UofM_
47491959232 -84 33254320396 1425012673.6090 2437 UofM_
47491268868 -84 33254320434 1425012673.6090 2462 UofM_Guest_
47491959238 -84 33254320416 1425012673.6090 2437 _
47491268864 -85 33254320428 1425012673.6090 2462 UofM_
47494398596 -86 33254320454 1425012673.6090 2462 UofM_Guest_
47494398598 -86 33254320458 1425012673.6090 2462 _
47494398592 -87 33254320450 1425012673.6090 2462 UofM_
47491268870 -88 33254320439 1425012673.6090 2462 _
47491463110 -89 33254320384 1425012673.6090 2412 _
47491463108 -89 33254320380 1425012673.6090 2412 UofM_Guest_
189441481136066 -77 33255507076 1425012673.6090 2437 UofM_Secure_
