47492007872 -87 33157699159 1425012575.7640 2412 UofM_
47491268870 -52 33157699096 1425012575.7640 2462 _
47491268868 -52 33157699089 1425012575.7640 2462 UofM_Guest_
47491268864 -51 33157699085 1425012575.7640 2462 UofM_
47491268872 -68 33157699103 1425012575.7640 2462 eduroam_
47491268867 -50 33157699172 1425012575.7640 5785 UofM_Secure_
47491268873 -50 33157699183 1425012575.7640 5785 eduroam_
47491268869 -49 33157699177 1425012575.7640 5785 UofM_Guest_
47491268865 -51 33157699167 1425012575.7640 5785 UofM_
47491268866 -57 33154141361 1425012575.7640 2462 UofM_Secure_
47491959238 -67 33157699050 1425012575.7640 2437 _
47491959236 -68 33157699045 1425012575.7640 2437 UofM_Guest_
47491959241 -76 33157699124 1425012575.7640 5180 eduroam_
47491959235 -76 33157699114 1425012575.7640 5180 UofM_Secure_
47491959240 -67 33157699054 1425012575.7640 2437 eduroam_
47491271496 -71 33157699058 1425012575.7640 2437 eduroam_
47491959233 -75 33157699108 1425012575.7640 5180 UofM_
47491959237 -75 33157699119 1425012575.7640 5180 UofM_Guest_
47491959232 -68 33157699040 1425012575.7640 2437 UofM_
47491271494 -69 33157699080 1425012575.7640 2437 _
47491271488 -68 33157699068 1425012575.7640 2437 UofM_
47491271492 -66 33157699076 1425012575.7640 2437 UofM_Guest_
47491271497 -76 33157699149 1425012575.7640 5220 eduroam_
47491271491 -75 33157699139 1425012575.7640 5220 UofM_Secure_
47491268871 -47 33154141508 1425012575.7640 5785 _
47491271489 -75 33157699133 1425012575.7640 5220 UofM_
47491271493 -75 33157699145 1425012575.7640 5220 UofM_Guest_
47491959234 -70 33157699062 1425012575.7640 2437 UofM_Secure_
47491271490 -71 33157699071 1425012575.7640 2437 UofM_Secure_
47491271495 -75 33157699154 1425012575.7640 5220 _
47491959239 -75 33157699129 1425012575.7640 5180 _
