47491959238 -78 33499502312 1425012917.5620 2437 _
47491268873 -50 33499502376 1425012917.5620 5785 eduroam_
47491268867 -49 33499502370 1425012917.5620 5785 UofM_Secure_
47491271496 -77 33499502327 1425012917.5620 2437 eduroam_
47491271490 -68 33499502306 1425012917.5620 2437 UofM_Secure_
47491268869 -51 33499502373 1425012917.5620 5785 UofM_Guest_
47491268865 -50 33499502367 1425012917.5620 5785 UofM_
47491271491 -76 33499502364 1425012917.5620 5220 UofM_Secure_
47491271489 -76 33499502356 1425012917.5620 5220 UofM_
47491959232 -77 33499502309 1425012917.5620 2437 UofM_
47494398594 -73 33495870013 1425012917.5620 2462 UofM_Secure_
47491268872 -66 33499502339 1425012917.5620 2462 eduroam_
47491463106 -80 33495869963 1425012917.5620 2412 UofM_Secure_
47491463112 -82 33495869966 1425012917.5620 2412 eduroam_
47494398600 -83 33495870008 1425012917.5620 2462 eduroam_
47491959240 -78 33499502315 1425012917.5620 2437 eduroam_
47491268871 -60 33495870039 1425012917.5620 5785 _
47494398596 -80 33495869998 1425012917.5620 2462 UofM_Guest_
47494398598 -81 33495870003 1425012917.5620 2462 _
47494398592 -81 33495869993 1425012917.5620 2462 UofM_
47491959236 -75 33499502324 1425012917.5620 2437 UofM_Guest_
47489356166 -88 33495869959 1425012917.5620 2412 _
47489356164 -90 33495869955 1425012917.5620 2412 UofM_Guest_
47491959241 -74 33499502352 1425012917.5620 5180 eduroam_
47491959235 -75 33499502345 1425012917.5620 5180 UofM_Secure_
47491959234 -72 33499502321 1425012917.5620 2437 UofM_Secure_
47491271497 -78 33499502361 1425012917.5620 5220 eduroam_
47491268864 -63 33499502330 1425012917.5620 2462 UofM_
47491268868 -66 33499502333 1425012917.5620 2462 UofM_Guest_
47491268870 -67 33499502336 1425012917.5620 2462 _
47491959233 -72 33499502342 1425012917.5620 5180 UofM_
47491959237 -74 33499502349 1425012917.5620 5180 UofM_Guest_
47491271493 -76 33499502358 1425012917.5620 5220 UofM_Guest_
47491271488 -75 33499502318 1425012917.5620 2437 UofM_
