47491272329 -50 32684694764 1425012102.7550 5745 eduroam_
47491272321 -50 32684694718 1425012102.7550 5745 UofM_
47491271488 -80 32681101396 1425012102.7550 2437 UofM_
47491272328 -53 32684694686 1425012102.7550 2412 eduroam_
47491272326 -52 32684694681 1425012102.7550 2412 _
47491272320 -49 32684694662 1425012102.7550 2412 UofM_
47491272323 -48 32684694751 1425012102.7550 5745 UofM_Secure_
47491272325 -51 32684694758 1425012102.7550 5745 UofM_Guest_
47491272324 -49 32684694674 1425012102.7550 2412 UofM_Guest_
189441481136067 -63 32684694780 1425012102.7550 5765 UofM_Secure_
189441481136073 -63 32684694794 1425012102.7550 5765 eduroam_
189441481136065 -65 32684694776 1425012102.7550 5765 UofM_
189441481136069 -63 32684694788 1425012102.7550 5765 UofM_Guest_
189441481136071 -68 32684694800 1425012102.7550 5765 _
189441481136068 -67 32684694703 1425012102.7550 2437 UofM_Guest_
47491272322 -55 32684694668 1425012102.7550 2412 UofM_Secure_
189441481136072 -69 32684694713 1425012102.7550 2437 eduroam_
189441481136066 -69 32684694698 1425012102.7550 2437 UofM_Secure_
47491272327 -49 32684694770 1425012102.7550 5745 _
189441481136064 -67 32684694692 1425012102.7550 2437 UofM_
189441481136070 -67 32684694708 1425012102.7550 2437 _
