47492007872 -83 33586914236 1425013004.9990 2412 UofM_
47492007880 -81 33586914280 1425013004.9990 2412 eduroam_
47492007876 -80 33586914272 1425013004.9990 2412 UofM_Guest_
162797488891936 -79 33586914301 1425013004.9990 2437 viro-geni-2_
211938385015055 -81 33584999311 1425013004.9990 2437 viro-geni-1_
211938385015607 -76 33584999303 1425013004.9990 2437 HS-HOME-NET_
47491268864 -69 33586914336 1425013004.9990 2462 UofM_
47491268868 -70 33586914345 1425013004.9990 2462 UofM_Guest_
47491268872 -86 33584999328 1425013004.9990 2462 eduroam_
47491268870 -73 33586914352 1425013004.9990 2462 _
211938385015619 -72 33584999299 1425013004.9990 2437 viro2_
47493331330 -81 33581420954 1425013004.9990 2462 UofM_Secure_
47492007874 -75 33584999268 1425013004.9990 2412 UofM_Secure_
47491269576 -84 33584999290 1425013004.9990 2412 eduroam_
47491268867 -69 33584999337 1425013004.9990 5785 UofM_Secure_
47491268873 -71 33584999346 1425013004.9990 5785 eduroam_
114896623892006 -76 33586914316 1425013004.9990 2437 NAO_
47491268869 -69 33584999342 1425013004.9990 5785 UofM_Guest_
47491268865 -70 33584999332 1425013004.9990 5785 UofM_
47491269572 -83 33584999282 1425013004.9990 2412 UofM_Guest_
47491269568 -84 33584999279 1425013004.9990 2412 UofM_
47491269574 -86 33584999286 1425013004.9990 2412 _
47492007875 -81 33586914357 1425013004.9990 5220 UofM_Secure_
47492007881 -81 33586914363 1425013004.9990 5220 eduroam_
47491328712 -81 33586914329 1425013004.9990 2437 eduroam_
84207466584968 -86 33586914294 1425013004.9990 2412 eduroam_
47491328708 -77 33586914322 1425013004.9990 2437 UofM_Guest_
47491473988 -85 33586914308 1425013004.9990 2437 UofM_Guest_
84207466584964 -85 33586914287 1425013004.9990 2412 UofM_Guest_
84207466584960 -87 33586914222 1425013004.9990 2412 UofM_
