189441481136067 -65 33241082205 1425012659.1470 5765 UofM_Secure_
47494398596 -83 33241082223 1425012659.1470 2462 UofM_Guest_
189441481136064 -69 33241082208 1425012659.1470 2437 UofM_
189441481136072 -69 33241082217 1425012659.1470 2437 eduroam_
47494398600 -86 33241082226 1425012659.1470 2462 eduroam_
189441481136070 -68 33241082214 1425012659.1470 2437 _
47494398592 -82 33241082220 1425012659.1470 2462 UofM_
47491463112 -87 33237428563 1425012659.1470 2412 eduroam_
47491463108 -87 33237428550 1425012659.1470 2412 UofM_Guest_
189441481136073 -66 33241082253 1425012659.1470 5765 eduroam_
189441481136069 -67 33241082250 1425012659.1470 5765 UofM_Guest_
47491463110 -87 33237428558 1425012659.1470 2412 _
189441481136068 -67 33241082211 1425012659.1470 2437 UofM_Guest_
189441481136065 -70 33241082247 1425012659.1470 5765 UofM_
47491272329 -70 33241082243 1425012659.1470 5745 eduroam_
47491272323 -71 33241082236 1425012659.1470 5745 UofM_Secure_
47491272322 -82 33241082196 1425012659.1470 2412 UofM_Secure_
47491272328 -84 33241082202 1425012659.1470 2412 eduroam_
47494398594 -85 33241082229 1425012659.1470 2462 UofM_Secure_
47491272321 -70 33241082232 1425012659.1470 5745 UofM_
47491272325 -70 33241082239 1425012659.1470 5745 UofM_Guest_
47491272320 -83 33241082193 1425012659.1470 2412 UofM_
47491272324 -84 33241082199 1425012659.1470 2412 UofM_Guest_
