189441481136072 -76 32772984941 1425012191.0430 2437 eduroam_
189441481136064 -82 32772984945 1425012191.0430 2437 UofM_
189441481136070 -73 32772984937 1425012191.0430 2437 _
189441481136067 -77 32772984927 1425012191.0430 5765 UofM_Secure_
189441481136073 -79 32769407611 1425012191.0430 5765 eduroam_
189441481136068 -71 32772984932 1425012191.0430 2437 UofM_Guest_
189441481136069 -77 32769407605 1425012191.0430 5765 UofM_Guest_
189441481136065 -80 32769407597 1425012191.0430 5765 UofM_
189441481136066 -68 32769407542 1425012191.0430 2437 UofM_Secure_
47491272328 -71 32769407522 1425012191.0430 2412 eduroam_
47494398600 -78 32769407580 1425012191.0430 2462 eduroam_
47491272320 -70 32769407483 1425012191.0430 2412 UofM_
47491272324 -70 32769407490 1425012191.0430 2412 UofM_Guest_
47491272326 -71 32769407496 1425012191.0430 2412 _
47494398592 -76 32769407567 1425012191.0430 2462 UofM_
47494398596 -77 32769407592 1425012191.0430 2462 UofM_Guest_
47494398594 -81 32769407586 1425012191.0430 2462 UofM_Secure_
47494398598 -79 32769407573 1425012191.0430 2462 _
