47492007872 -68 32571854661 1425011989.9170 2412 UofM_
84207466584968 -84 32571854653 1425011989.9170 2412 eduroam_
84207466584964 -82 32571854650 1425011989.9170 2412 UofM_Guest_
84207466584960 -82 32571854643 1425011989.9170 2412 UofM_
47492007880 -71 32571854672 1425011989.9170 2412 eduroam_
47492007876 -68 32571854665 1425011989.9170 2412 UofM_Guest_
162797488891936 -85 32571854702 1425011989.9170 2437 viro-geni-2_
47491268873 -66 32571854757 1425011989.9170 5785 eduroam_
47491268867 -67 32571854746 1425011989.9170 5785 UofM_Secure_
47491268872 -68 32571854720 1425011989.9170 2462 eduroam_
47491268869 -67 32571854752 1425011989.9170 5785 UofM_Guest_
47491268865 -61 32571854676 1425011989.9170 5785 UofM_
47491268870 -69 32571854706 1425011989.9170 2462 _
47492007878 -70 32571854669 1425011989.9170 2412 _
47491268871 -69 32571854761 1425011989.9170 5785 _
47491268866 -70 32571854713 1425011989.9170 2462 UofM_Secure_
47491268868 -67 32571854716 1425011989.9170 2462 UofM_Guest_
47491268864 -69 32571854709 1425011989.9170 2462 UofM_
47491473988 -80 32571854680 1425011989.9170 2437 UofM_Guest_
189441478786242 -79 32568374318 1425011989.9170 2412 UofM_Secure_
189441478786248 -87 32568374330 1425011989.9170 2412 eduroam_
47491959232 -77 32568374339 1425011989.9170 2437 UofM_
189441478786246 -83 32568374326 1425011989.9170 2412 _
189441478786240 -85 32568374313 1425011989.9170 2412 UofM_
189441478786244 -86 32568374322 1425011989.9170 2412 UofM_Guest_
47491473984 -80 32571854691 1425011989.9170 2437 UofM_
47491473986 -75 32571854695 1425011989.9170 2437 UofM_Secure_
47491473992 -82 32571854687 1425011989.9170 2437 eduroam_
84207466584962 -83 32571854646 1425011989.9170 2412 UofM_Secure_
47491959240 -86 32571854698 1425011989.9170 2437 eduroam_
47491473990 -77 32571854684 1425011989.9170 2437 _
84207466584966 -84 32571854657 1425011989.9170 2412 _
