47491269571 -80 32461511904 1425011883.0000 5220 UofM_Secure_
211938385015607 -65 32464562417 1425011883.0000 2437 HS-HOME-NET_
162797488891936 -60 32464562426 1425011883.0000 2437 viro-geni-2_
211938385015055 -73 32464562431 1425011883.0000 2437 viro-geni-1_
162797488891937 -76 32461511908 1425011883.0000 5765 Linksys19141_5GHz_
47491269576 -76 32461511836 1425011883.0000 2412 eduroam_
47493331337 -81 32464562487 1425011883.0000 5180 eduroam_
47493331331 -82 32464562478 1425011883.0000 5180 UofM_Secure_
211938385015619 -67 32464562420 1425011883.0000 2437 viro2_
47491269568 -66 32464562409 1425011883.0000 2412 UofM_
47493331333 -80 32464562483 1425011883.0000 5180 UofM_Guest_
47493331329 -82 32464562474 1425011883.0000 5180 UofM_
47493331334 -83 32464562465 1425011883.0000 2462 _
47493331328 -81 32464562451 1425011883.0000 2462 UofM_
47493331332 -80 32464562459 1425011883.0000 2462 UofM_Guest_
47493331336 -81 32464562469 1425011883.0000 2462 eduroam_
47491268424 -84 32461511885 1425011883.0000 2462 eduroam_
47491268420 -83 32461511881 1425011883.0000 2462 UofM_Guest_
47491268416 -86 32461511877 1425011883.0000 2462 UofM_
47491268864 -88 32464562438 1425011883.0000 2462 UofM_
