47491272328 -77 32910926656 1425012328.9840 2412 eduroam_
47491272320 -77 32910926628 1425012328.9840 2412 UofM_
47491272324 -78 32910926637 1425012328.9840 2412 UofM_Guest_
47491272326 -80 32910926644 1425012328.9840 2412 _
47491272322 -68 32910926632 1425012328.9840 2412 UofM_Secure_
47491271496 -68 32907425430 1425012328.9840 2437 eduroam_
47491271492 -70 32907425426 1425012328.9840 2437 UofM_Guest_
47491271488 -70 32907425417 1425012328.9840 2437 UofM_
47491271491 -75 32907425435 1425012328.9840 5220 UofM_Secure_
47491271497 -72 32907425444 1425012328.9840 5220 eduroam_
47491271489 -71 32907425448 1425012328.9840 5220 UofM_
47491271493 -73 32907425440 1425012328.9840 5220 UofM_Guest_
47491271494 -79 32907425421 1425012328.9840 2437 _
47491272329 -75 32910926697 1425012328.9840 5745 eduroam_
47491272323 -72 32910926692 1425012328.9840 5745 UofM_Secure_
189441478940488 -86 32907425391 1425012328.9840 2412 eduroam_
47491272325 -73 32910926702 1425012328.9840 5745 UofM_Guest_
47491272327 -74 32910926681 1425012328.9840 5745 _
47491272321 -74 32910926687 1425012328.9840 5745 UofM_
