47491272328 -86 32748070458 1425012169.7180 2412 eduroam_
47491272320 -85 32748070445 1425012169.7180 2412 UofM_
47491272324 -85 32748070451 1425012169.7180 2412 UofM_Guest_
189441481136068 -83 32748070470 1425012169.7180 2437 UofM_Guest_
189441481136072 -76 32748070475 1425012169.7180 2437 eduroam_
189441481136064 -86 32751660863 1425012169.7180 2437 UofM_
189441481136070 -84 32751660866 1425012169.7180 2437 _
47491959240 -80 32751660880 1425012169.7180 2437 eduroam_
47491959234 -79 32751660872 1425012169.7180 2437 UofM_Secure_
47491959232 -78 32751660869 1425012169.7180 2437 UofM_
47491959236 -79 32751660876 1425012169.7180 2437 UofM_Guest_
47491959238 -89 32751660885 1425012169.7180 2437 _
47494398592 -86 32751660897 1425012169.7180 2462 UofM_
47494398600 -89 32751660906 1425012169.7180 2462 eduroam_
47494398596 -87 32751660900 1425012169.7180 2462 UofM_Guest_
189441481136067 -82 32748070488 1425012169.7180 5765 UofM_Secure_
