162797488891936 -80 33076677693 1425012494.7380 2437 viro-geni-2_
47492007874 -77 33076677701 1425012494.7380 2412 UofM_Secure_
84207466584968 -82 33073083058 1425012494.7380 2412 eduroam_
84207466584960 -69 33076677681 1425012494.7380 2412 UofM_
84207466584964 -75 33076677685 1425012494.7380 2412 UofM_Guest_
84207466584966 -75 33076677689 1425012494.7380 2412 _
114896623892006 -65 33076677697 1425012494.7380 2437 NAO_
47491959240 -73 33076677749 1425012494.7380 2437 eduroam_
47491959238 -75 33076677758 1425012494.7380 2437 _
47491959236 -76 33076677743 1425012494.7380 2437 UofM_Guest_
47491959232 -78 33076677754 1425012494.7380 2437 UofM_
189441481137416 -80 33076677717 1425012494.7380 2437 eduroam_
47491460546 -77 33076677766 1425012494.7380 2462 UofM_Secure_
47491460552 -82 33076677774 1425012494.7380 2462 eduroam_
189441481137412 -80 33076677713 1425012494.7380 2437 UofM_Guest_
189441481137408 -77 33076677705 1425012494.7380 2437 UofM_
47491460548 -83 33076677770 1425012494.7380 2462 UofM_Guest_
47491460550 -82 33076677778 1425012494.7380 2462 _
47491460544 -79 33076677762 1425012494.7380 2462 UofM_
47491959235 -74 33076677787 1425012494.7380 5180 UofM_Secure_
47491959241 -75 33076677797 1425012494.7380 5180 eduroam_
189441481137410 -78 33076677709 1425012494.7380 2437 UofM_Secure_
47491959233 -72 33076677782 1425012494.7380 5180 UofM_
47491959237 -75 33076677792 1425012494.7380 5180 UofM_Guest_
189441478786244 -86 33076677672 1425012494.7380 2412 UofM_Guest_
189441478786240 -87 33076677667 1425012494.7380 2412 UofM_
189441478786246 -88 33076677677 1425012494.7380 2412 _
