47491959238 -84 33503138745 1425012921.2000 2437 _
47491268873 -59 33503138809 1425012921.2000 5785 eduroam_
47491268867 -61 33503138801 1425012921.2000 5785 UofM_Secure_
47491271496 -77 33499502327 1425012921.2000 2437 eduroam_
47491271490 -70 33503138707 1425012921.2000 2437 UofM_Secure_
47491268869 -60 33503138805 1425012921.2000 5785 UofM_Guest_
47491268865 -59 33503138796 1425012921.2000 5785 UofM_
47491271491 -76 33499502364 1425012921.2000 5220 UofM_Secure_
47491271489 -76 33499502356 1425012921.2000 5220 UofM_
47491959232 -81 33503138712 1425012921.2000 2437 UofM_
47491268872 -66 33499502339 1425012921.2000 2462 eduroam_
47491959240 -83 33503138750 1425012921.2000 2437 eduroam_
47491268871 -54 33503138816 1425012921.2000 5785 _
47491959236 -83 33503138718 1425012921.2000 2437 UofM_Guest_
47491959241 -64 33503138786 1425012921.2000 5180 eduroam_
47491959235 -64 33503138775 1425012921.2000 5180 UofM_Secure_
47491959234 -72 33499502321 1425012921.2000 2437 UofM_Secure_
47491271497 -78 33499502361 1425012921.2000 5220 eduroam_
47491268864 -52 33503138755 1425012921.2000 2462 UofM_
47491268868 -52 33503138762 1425012921.2000 2462 UofM_Guest_
47491268870 -67 33499502336 1425012921.2000 2462 _
47491959233 -66 33503138769 1425012921.2000 5180 UofM_
47491959237 -66 33503138781 1425012921.2000 5180 UofM_Guest_
47491271493 -79 33503138791 1425012921.2000 5220 UofM_Guest_
47491271488 -75 33499502318 1425012921.2000 2437 UofM_
47491271492 -71 33503138696 1425012921.2000 2437 UofM_Guest_
47491271494 -73 33503138700 1425012921.2000 2437 _
