47491272328 -69 32921494981 1425012339.5530 2412 eduroam_
47491272320 -70 32921494961 1425012339.5530 2412 UofM_
47491272324 -69 32921494973 1425012339.5530 2412 UofM_Guest_
47491272326 -73 32921494977 1425012339.5530 2412 _
47491272322 -66 32921494969 1425012339.5530 2412 UofM_Secure_
47491272329 -77 32921495029 1425012339.5530 5745 eduroam_
47491272323 -80 32921495021 1425012339.5530 5745 UofM_Secure_
47491272325 -76 32921495025 1425012339.5530 5745 UofM_Guest_
47491272327 -71 32917964653 1425012339.5530 5745 _
47491272321 -78 32921495017 1425012339.5530 5745 UofM_
189441481136072 -79 32917964627 1425012339.5530 2437 eduroam_
47491271496 -85 32921494997 1425012339.5530 2437 eduroam_
189441481136064 -73 32917964602 1425012339.5530 2437 UofM_
189441481136070 -79 32917964621 1425012339.5530 2437 _
47491271492 -83 32921494990 1425012339.5530 2437 UofM_Guest_
47491271494 -85 32921494994 1425012339.5530 2437 _
47491271488 -83 32921494986 1425012339.5530 2437 UofM_
189441481136068 -83 32917964632 1425012339.5530 2437 UofM_Guest_
47491271497 -76 32921495013 1425012339.5530 5220 eduroam_
47491271491 -76 32921495006 1425012339.5530 5220 UofM_Secure_
47491271489 -75 32921495002 1425012339.5530 5220 UofM_
47491271493 -76 32921495009 1425012339.5530 5220 UofM_Guest_
