47491268865 -79 33541544096 1425012965.5540 5785 UofM_
47492007872 -82 33547449591 1425012965.5540 2412 UofM_
47492007880 -81 33547449606 1425012965.5540 2412 eduroam_
47492007876 -80 33547449599 1425012965.5540 2412 UofM_Guest_
47492007878 -82 33547449603 1425012965.5540 2412 _
84207466584968 -74 33547449586 1425012965.5540 2412 eduroam_
84207466584960 -73 33547449571 1425012965.5540 2412 UofM_
84207466584964 -70 33547449578 1425012965.5540 2412 UofM_Guest_
162797488891936 -77 33547449507 1425012965.5540 2437 viro-geni-2_
114896623892006 -76 33547449532 1425012965.5540 2437 NAO_
84207466584962 -74 33547449575 1425012965.5540 2412 UofM_Secure_
47492007874 -81 33547449594 1425012965.5540 2412 UofM_Secure_
189441481137412 -75 33547449519 1425012965.5540 2437 UofM_Guest_
84207466584966 -77 33547449583 1425012965.5540 2412 _
189441481137408 -77 33547449511 1425012965.5540 2437 UofM_
47491959234 -76 33546909888 1425012965.5540 2437 UofM_Secure_
47491460546 -80 33547449558 1425012965.5540 2462 UofM_Secure_
47491959240 -84 33546909850 1425012965.5540 2437 eduroam_
47491460552 -76 33546909926 1425012965.5540 2462 eduroam_
47491959236 -83 33546909837 1425012965.5540 2437 UofM_Guest_
47491959232 -81 33546909830 1425012965.5540 2437 UofM_
47491959238 -81 33546909844 1425012965.5540 2437 _
47491460550 -84 33547449567 1425012965.5540 2462 _
47491460544 -84 33547449554 1425012965.5540 2462 UofM_
47491460548 -82 33547449563 1425012965.5540 2462 UofM_Guest_
47491460547 -76 33546909996 1425012965.5540 5240 UofM_Secure_
47491959235 -80 33547449493 1425012965.5540 5180 UofM_Secure_
47491460553 -77 33546910013 1425012965.5540 5240 eduroam_
47491959241 -80 33547449502 1425012965.5540 5180 eduroam_
189441481137416 -74 33547449528 1425012965.5540 2437 eduroam_
47491959233 -84 33547449489 1425012965.5540 5180 UofM_
47491959237 -75 33546909963 1425012965.5540 5180 UofM_Guest_
47491460545 -76 33546909986 1425012965.5540 5240 UofM_
47491460549 -76 33546910004 1425012965.5540 5240 UofM_Guest_
189441481137414 -76 33547449524 1425012965.5540 2437 _
189441481137410 -72 33547449515 1425012965.5540 2437 UofM_Secure_
211938385015055 -84 33547449536 1425012965.5540 2437 viro-geni-1_
211938385015607 -85 33547449540 1425012965.5540 2437 HS-HOME-NET_
47491959239 -79 33547449497 1425012965.5540 5180 _
47493331329 -85 33547449484 1425012965.5540 5180 UofM_
47491268864 -86 33547449545 1425012965.5540 2462 UofM_
47491268868 -88 33547449549 1425012965.5540 2462 UofM_Guest_
