47491272320 -89 32972080512 1425012390.2520 2412 UofM_
47491272324 -90 32972080516 1425012390.2520 2412 UofM_Guest_
47491272322 -79 32964050379 1425012390.2520 2412 UofM_Secure_
189441481136070 -83 32967609782 1425012390.2520 2437 _
47491268867 -56 32972080617 1425012390.2520 5785 UofM_Secure_
47491268873 -55 32972080631 1425012390.2520 5785 eduroam_
47491268869 -57 32972080623 1425012390.2520 5785 UofM_Guest_
47491268865 -59 32972080611 1425012390.2520 5785 UofM_
47491268868 -61 32972080571 1425012390.2520 2462 UofM_Guest_
47491268864 -64 32972080591 1425012390.2520 2462 UofM_
47491268872 -66 32972080585 1425012390.2520 2462 eduroam_
47491268866 -61 32972080595 1425012390.2520 2462 UofM_Secure_
47491268870 -65 32972080578 1425012390.2520 2462 _
47494398600 -80 32968818112 1425012390.2520 2462 eduroam_
47491463112 -85 32972080507 1425012390.2520 2412 eduroam_
47494398596 -76 32968818120 1425012390.2520 2462 UofM_Guest_
47494398598 -85 32968818108 1425012390.2520 2462 _
47494398592 -81 32968818116 1425012390.2520 2462 UofM_
47491463108 -86 32972080496 1425012390.2520 2412 UofM_Guest_
47491463104 -84 32972080500 1425012390.2520 2412 UofM_
47491463110 -88 32972080504 1425012390.2520 2412 _
47494398594 -76 32968818124 1425012390.2520 2462 UofM_Secure_
47491959234 -78 32972080548 1425012390.2520 2437 UofM_Secure_
47491271496 -81 32972080566 1425012390.2520 2437 eduroam_
47491959240 -81 32972080541 1425012390.2520 2437 eduroam_
47491272328 -86 32972080520 1425012390.2520 2412 eduroam_
47491959239 -81 32972080604 1425012390.2520 5180 _
47491959236 -81 32972080527 1425012390.2520 2437 UofM_Guest_
47491271492 -81 32972080560 1425012390.2520 2437 UofM_Guest_
47491959238 -81 32972080536 1425012390.2520 2437 _
47491271488 -82 32972080554 1425012390.2520 2437 UofM_
47491959232 -83 32972080523 1425012390.2520 2437 UofM_
