47492007872 -68 32571854661 1425011993.3780 2412 UofM_
84207466584968 -84 32571854653 1425011993.3780 2412 eduroam_
84207466584964 -82 32571854650 1425011993.3780 2412 UofM_Guest_
84207466584960 -86 32575320285 1425011993.3780 2412 UofM_
47492007880 -71 32571854672 1425011993.3780 2412 eduroam_
47492007876 -68 32571854665 1425011993.3780 2412 UofM_Guest_
162797488891936 -86 32575320288 1425011993.3780 2437 viro-geni-2_
47491268873 -71 32575320333 1425011993.3780 5785 eduroam_
47491268867 -72 32575320327 1425011993.3780 5785 UofM_Secure_
47491268872 -73 32575320319 1425011993.3780 2462 eduroam_
47491268869 -71 32575320330 1425011993.3780 5785 UofM_Guest_
47491268865 -65 32575320308 1425011993.3780 5785 UofM_
47491268870 -72 32575320316 1425011993.3780 2462 _
47492007878 -70 32571854669 1425011993.3780 2412 _
47491268871 -71 32575320336 1425011993.3780 5785 _
47491268866 -70 32571854713 1425011993.3780 2462 UofM_Secure_
47491268868 -68 32575320313 1425011993.3780 2462 UofM_Guest_
47491268864 -71 32575320310 1425011993.3780 2462 UofM_
47491473988 -75 32575320302 1425011993.3780 2437 UofM_Guest_
47491473984 -76 32575320294 1425011993.3780 2437 UofM_
47491473986 -75 32571854695 1425011993.3780 2437 UofM_Secure_
47491473992 -76 32575320299 1425011993.3780 2437 eduroam_
84207466584962 -83 32571854646 1425011993.3780 2412 UofM_Secure_
47491959240 -86 32571854698 1425011993.3780 2437 eduroam_
47491473990 -80 32575320297 1425011993.3780 2437 _
84207466584966 -84 32571854657 1425011993.3780 2412 _
47491328708 -84 32575320305 1425011993.3780 2437 UofM_Guest_
211938385015619 -86 32575320291 1425011993.3780 2437 viro2_
47491268420 -88 32575320324 1425011993.3780 2462 UofM_Guest_
47491268416 -91 32575320322 1425011993.3780 2462 UofM_
