47491272328 -79 32900414529 1425012321.9820 2412 eduroam_
47491272320 -80 32900414514 1425012321.9820 2412 UofM_
47491272324 -81 32900414519 1425012321.9820 2412 UofM_Guest_
47491272326 -80 32900414523 1425012321.9820 2412 _
47491272322 -78 32903916375 1425012321.9820 2412 UofM_Secure_
47491271496 -77 32903916312 1425012321.9820 2437 eduroam_
47491271492 -75 32903916303 1425012321.9820 2437 UofM_Guest_
47491271488 -75 32903916298 1425012321.9820 2437 UofM_
47491271491 -73 32903916335 1425012321.9820 5220 UofM_Secure_
47491271497 -74 32903916355 1425012321.9820 5220 eduroam_
47491271490 -73 32903916322 1425012321.9820 2437 UofM_Secure_
47491268867 -78 32903916384 1425012321.9820 5785 UofM_Secure_
47491271495 -72 32903916362 1425012321.9820 5220 _
47491271489 -73 32903916327 1425012321.9820 5220 UofM_
47491271493 -73 32903916348 1425012321.9820 5220 UofM_Guest_
47491271494 -78 32903916308 1425012321.9820 2437 _
