47492007872 -81 33590277961 1425013008.3840 2412 UofM_
47492007880 -81 33590277984 1425013008.3840 2412 eduroam_
47492007876 -83 33590277975 1425013008.3840 2412 UofM_Guest_
162797488891936 -75 33590278061 1425013008.3840 2437 viro-geni-2_
211938385015055 -84 33590278051 1425013008.3840 2437 viro-geni-1_
211938385015607 -79 33590278007 1425013008.3840 2437 HS-HOME-NET_
47491268864 -74 33590278066 1425013008.3840 2462 UofM_
47491268868 -73 33590278080 1425013008.3840 2462 UofM_Guest_
47491268872 -75 33590278086 1425013008.3840 2462 eduroam_
47491268870 -75 33590278070 1425013008.3840 2462 _
211938385015619 -87 33590278018 1425013008.3840 2437 viro2_
47493331330 -81 33581420954 1425013008.3840 2462 UofM_Secure_
47492007874 -81 33590277969 1425013008.3840 2412 UofM_Secure_
47491269576 -84 33584999290 1425013008.3840 2412 eduroam_
47491268867 -71 33590278133 1425013008.3840 5785 UofM_Secure_
47491268873 -70 33590278147 1425013008.3840 5785 eduroam_
114896623892006 -81 33590278013 1425013008.3840 2437 NAO_
47491268869 -72 33590278140 1425013008.3840 5785 UofM_Guest_
47491268865 -71 33590278126 1425013008.3840 5785 UofM_
47491269572 -83 33584999282 1425013008.3840 2412 UofM_Guest_
47491269568 -84 33584999279 1425013008.3840 2412 UofM_
47491269574 -86 33584999286 1425013008.3840 2412 _
47492007875 -80 33590278098 1425013008.3840 5220 UofM_Secure_
47492007881 -82 33590278110 1425013008.3840 5220 eduroam_
47491328712 -81 33586914329 1425013008.3840 2437 eduroam_
84207466584968 -85 33590278002 1425013008.3840 2412 eduroam_
47491328708 -77 33586914322 1425013008.3840 2437 UofM_Guest_
47491473988 -74 33590278036 1425013008.3840 2437 UofM_Guest_
84207466584964 -89 33590277991 1425013008.3840 2412 UofM_Guest_
84207466584960 -88 33590277987 1425013008.3840 2412 UofM_
47491268866 -75 33590278075 1425013008.3840 2462 UofM_Secure_
47491473992 -76 33590278045 1425013008.3840 2437 eduroam_
162797488891937 -81 33590278119 1425013008.3840 5765 Linksys19141_5GHz_
47491473986 -80 33590278030 1425013008.3840 2437 UofM_Secure_
47491268871 -71 33590278156 1425013008.3840 5785 _
47492007873 -80 33590278091 1425013008.3840 5220 UofM_
47491473990 -76 33590278041 1425013008.3840 2437 _
47492007877 -81 33590278104 1425013008.3840 5220 UofM_Guest_
47492007878 -82 33590277980 1425013008.3840 2412 _
84207466584966 -88 33590277996 1425013008.3840 2412 _
