47491268865 -73 33562810484 1425012980.8790 5785 UofM_
47492007872 -74 33562810381 1425012980.8790 2412 UofM_
47492007880 -80 33548764387 1425012980.8790 2412 eduroam_
47492007876 -80 33548764374 1425012980.8790 2412 UofM_Guest_
47492007878 -75 33562810386 1425012980.8790 2412 _
84207466584968 -84 33562810377 1425012980.8790 2412 eduroam_
84207466584960 -84 33562810365 1425012980.8790 2412 UofM_
84207466584964 -87 33562810374 1425012980.8790 2412 UofM_Guest_
162797488891936 -71 33562810405 1425012980.8790 2437 viro-geni-2_
114896623892006 -67 33548764284 1425012980.8790 2437 NAO_
84207466584962 -79 33562810370 1425012980.8790 2412 UofM_Secure_
47492007874 -81 33547449594 1425012980.8790 2412 UofM_Secure_
189441481137412 -79 33548764303 1425012980.8790 2437 UofM_Guest_
84207466584966 -79 33548764355 1425012980.8790 2412 _
189441481137408 -78 33548764291 1425012980.8790 2437 UofM_
47491959234 -76 33546909888 1425012980.8790 2437 UofM_Secure_
47491460546 -80 33547449558 1425012980.8790 2462 UofM_Secure_
47491959240 -79 33548764309 1425012980.8790 2437 eduroam_
47491460552 -76 33546909926 1425012980.8790 2462 eduroam_
47491959236 -83 33546909837 1425012980.8790 2437 UofM_Guest_
47491959232 -81 33546909830 1425012980.8790 2437 UofM_
47491959238 -81 33546909844 1425012980.8790 2437 _
47491460550 -84 33547449567 1425012980.8790 2462 _
47491460544 -84 33547449554 1425012980.8790 2462 UofM_
47491460548 -82 33547449563 1425012980.8790 2462 UofM_Guest_
47491460547 -76 33546909996 1425012980.8790 5240 UofM_Secure_
47491959235 -80 33547449493 1425012980.8790 5180 UofM_Secure_
47491460553 -77 33546910013 1425012980.8790 5240 eduroam_
47491959241 -80 33547449502 1425012980.8790 5180 eduroam_
189441481137416 -78 33548764328 1425012980.8790 2437 eduroam_
47491959233 -84 33547449489 1425012980.8790 5180 UofM_
47491959237 -75 33546909963 1425012980.8790 5180 UofM_Guest_
47491460545 -76 33546909986 1425012980.8790 5240 UofM_
47491460549 -76 33546910004 1425012980.8790 5240 UofM_Guest_
189441481137414 -81 33548764321 1425012980.8790 2437 _
189441481137410 -74 33548764297 1425012980.8790 2437 UofM_Secure_
211938385015055 -84 33562810390 1425012980.8790 2437 viro-geni-1_
211938385015607 -81 33562810409 1425012980.8790 2437 HS-HOME-NET_
47491959239 -79 33547449497 1425012980.8790 5180 _
47493331329 -79 33562810449 1425012980.8790 5180 UofM_
47491268864 -78 33562810416 1425012980.8790 2462 UofM_
47491268868 -78 33562810420 1425012980.8790 2462 UofM_Guest_
47493331336 -87 33562810444 1425012980.8790 2462 eduroam_
47491268872 -80 33562810428 1425012980.8790 2462 eduroam_
47493331332 -85 33562810436 1425012980.8790 2462 UofM_Guest_
47493331334 -86 33562810440 1425012980.8790 2462 _
47491268873 -74 33562810498 1425012980.8790 5785 eduroam_
47491268867 -74 33562810489 1425012980.8790 5785 UofM_Secure_
47492007875 -77 33562810469 1425012980.8790 5220 UofM_Secure_
47492007881 -77 33562810479 1425012980.8790 5220 eduroam_
47493331337 -78 33562810460 1425012980.8790 5180 eduroam_
47493331331 -79 33562810453 1425012980.8790 5180 UofM_Secure_
47491473992 -82 33562810401 1425012980.8790 2437 eduroam_
47491268869 -72 33562810493 1425012980.8790 5785 UofM_Guest_
47491268871 -75 33562810502 1425012980.8790 5785 _
47492007873 -77 33562810464 1425012980.8790 5220 UofM_
47492007877 -77 33562810475 1425012980.8790 5220 UofM_Guest_
47493331333 -79 33562810456 1425012980.8790 5180 UofM_Guest_
47491268870 -81 33562810424 1425012980.8790 2462 _
47491473988 -82 33562810397 1425012980.8790 2437 UofM_Guest_
47491473984 -83 33562810393 1425012980.8790 2437 UofM_
211938385015619 -85 33562810413 1425012980.8790 2437 viro2_
47493331328 -86 33562810432 1425012980.8790 2462 UofM_
