47491272328 -88 33476483662 1425012910.2160 2412 eduroam_
47491272321 -75 33476483715 1425012910.2160 5745 UofM_
47491272324 -84 33476483656 1425012910.2160 2412 UofM_Guest_
189441481136072 -83 33476483691 1425012910.2160 2437 eduroam_
189441481136068 -85 33492144028 1425012910.2160 2437 UofM_Guest_
189441481136070 -84 33492144034 1425012910.2160 2437 _
47491959238 -88 33492144004 1425012910.2160 2437 _
47491271492 -77 33476483697 1425012910.2160 2437 UofM_Guest_
47491271488 -78 33476483685 1425012910.2160 2437 UofM_
47491268873 -66 33492144076 1425012910.2160 5785 eduroam_
47491268867 -66 33492144063 1425012910.2160 5785 UofM_Secure_
47491271496 -83 33492144010 1425012910.2160 2437 eduroam_
47491271490 -77 33492143992 1425012910.2160 2437 UofM_Secure_
47491268869 -67 33492144069 1425012910.2160 5785 UofM_Guest_
47491268865 -65 33492144056 1425012910.2160 5785 UofM_
47491272325 -77 33476483739 1425012910.2160 5745 UofM_Guest_
47491271494 -83 33476483672 1425012910.2160 2437 _
47491272320 -89 33476483652 1425012910.2160 2412 UofM_
47491272329 -74 33476483744 1425012910.2160 5745 eduroam_
47491328713 -75 33476483759 1425012910.2160 5785 eduroam_
47491328707 -75 33476483753 1425012910.2160 5785 UofM_Secure_
47491272323 -76 33476483718 1425012910.2160 5745 UofM_Secure_
47491271491 -84 33492144049 1425012910.2160 5220 UofM_Secure_
47491271497 -77 33476483711 1425012910.2160 5220 eduroam_
47489366210 -79 33476483669 1425012910.2160 2412 UofM_Secure_
47491328712 -79 33476483678 1425012910.2160 2437 eduroam_
47489366216 -84 33492143981 1425012910.2160 2412 eduroam_
47491271493 -74 33476483708 1425012910.2160 5220 UofM_Guest_
47491328709 -74 33476483757 1425012910.2160 5785 UofM_Guest_
47491272327 -75 33476483747 1425012910.2160 5745 _
47491271489 -81 33492144040 1425012910.2160 5220 UofM_
47491328705 -78 33476483750 1425012910.2160 5785 UofM_
47489366208 -85 33492143969 1425012910.2160 2412 UofM_
47489366212 -83 33492143975 1425012910.2160 2412 UofM_Guest_
47491272326 -89 33476483659 1425012910.2160 2412 _
189441481136064 -83 33492144016 1425012910.2160 2437 UofM_
189441481136066 -81 33492144023 1425012910.2160 2437 UofM_Secure_
47491959232 -86 33492143998 1425012910.2160 2437 UofM_
47489366214 -86 33492143987 1425012910.2160 2412 _
