47491959238 -84 33509745276 1425012929.4520 2437 _
47491268873 -69 33511351126 1425012929.4520 5785 eduroam_
47491268867 -69 33511351115 1425012929.4520 5785 UofM_Secure_
47491268869 -68 33511351121 1425012929.4520 5785 UofM_Guest_
47491268865 -68 33511351107 1425012929.4520 5785 UofM_
47491268872 -69 33509745291 1425012929.4520 2462 eduroam_
47491268871 -76 33511351133 1425012929.4520 5785 _
47491959241 -78 33506798631 1425012929.4520 5180 eduroam_
47491959235 -77 33509745312 1425012929.4520 5180 UofM_Secure_
47491268864 -67 33509745296 1425012929.4520 2462 UofM_
47491268868 -70 33509745281 1425012929.4520 2462 UofM_Guest_
47491268870 -69 33509745287 1425012929.4520 2462 _
47491959233 -76 33509745307 1425012929.4520 5180 UofM_
47491959237 -76 33509745316 1425012929.4520 5180 UofM_Guest_
47491959239 -78 33506798634 1425012929.4520 5180 _
47491473984 -83 33509745251 1425012929.4520 2437 UofM_
47492007872 -87 33506798559 1425012929.4520 2412 UofM_
47492007881 -74 33509745333 1425012929.4520 5220 eduroam_
47492007875 -74 33509745324 1425012929.4520 5220 UofM_Secure_
47491268866 -71 33509745302 1425012929.4520 2462 UofM_Secure_
9354243434184 -78 33509745259 1425012929.4520 2437 eduroam_
47492007877 -73 33509745329 1425012929.4520 5220 UofM_Guest_
47492007873 -73 33509745320 1425012929.4520 5220 UofM_
47492007879 -77 33509745337 1425012929.4520 5220 _
9354243434182 -83 33509745265 1425012929.4520 2437 _
47491328708 -83 33509745270 1425012929.4520 2437 UofM_Guest_
84207466584966 -89 33509745243 1425012929.4520 2412 _
