189441481136064 -58 33317487650 1425012735.5520 2437 UofM_
189441481136070 -61 33317487641 1425012735.5520 2437 _
189441481136068 -61 33317487636 1425012735.5520 2437 UofM_Guest_
189441481136065 -59 33317487704 1425012735.5520 5765 UofM_
47491272329 -62 33317487700 1425012735.5520 5745 eduroam_
47491272323 -63 33317487689 1425012735.5520 5745 UofM_Secure_
47491272321 -61 33317487684 1425012735.5520 5745 UofM_
47491272325 -63 33317487694 1425012735.5520 5745 UofM_Guest_
189441481136067 -59 33317487708 1425012735.5520 5765 UofM_Secure_
189441481136073 -58 33317487717 1425012735.5520 5765 eduroam_
189441481136072 -59 33317487645 1425012735.5520 2437 eduroam_
189441481136066 -62 33317487655 1425012735.5520 2437 UofM_Secure_
47491272322 -71 33313911666 1425012735.5520 2412 UofM_Secure_
47491272328 -59 33317487632 1425012735.5520 2412 eduroam_
189441481136069 -57 33317487712 1425012735.5520 5765 UofM_Guest_
47491272324 -59 33317487623 1425012735.5520 2412 UofM_Guest_
47491272320 -59 33317487618 1425012735.5520 2412 UofM_
47491272326 -60 33317487628 1425012735.5520 2412 _
47491268873 -75 33317487773 1425012735.5520 5785 eduroam_
47491268867 -76 33317487761 1425012735.5520 5785 UofM_Secure_
47491268872 -86 33317487675 1425012735.5520 2462 eduroam_
47491268869 -77 33317487768 1425012735.5520 5785 UofM_Guest_
47491268865 -77 33317487755 1425012735.5520 5785 UofM_
47491268871 -79 33317487778 1425012735.5520 5785 _
47491268864 -86 33317487667 1425012735.5520 2462 UofM_
47491268868 -87 33317487659 1425012735.5520 2462 UofM_Guest_
47491951748 -88 33317487679 1425012735.5520 2462 UofM_Guest_
47491268870 -88 33317487671 1425012735.5520 2462 _
