47491272329 -50 32684694764 1425012105.3420 5745 eduroam_
47491272321 -50 32684694718 1425012105.3420 5745 UofM_
47491271488 -80 32681101396 1425012105.3420 2437 UofM_
47491272328 -49 32687270041 1425012105.3420 2412 eduroam_
47491272326 -50 32687270026 1425012105.3420 2412 _
47491272320 -47 32687269971 1425012105.3420 2412 UofM_
47491272323 -48 32684694751 1425012105.3420 5745 UofM_Secure_
47491272325 -51 32684694758 1425012105.3420 5745 UofM_Guest_
47491272324 -47 32687270013 1425012105.3420 2412 UofM_Guest_
189441481136067 -63 32684694780 1425012105.3420 5765 UofM_Secure_
189441481136073 -63 32684694794 1425012105.3420 5765 eduroam_
189441481136065 -65 32684694776 1425012105.3420 5765 UofM_
189441481136069 -63 32684694788 1425012105.3420 5765 UofM_Guest_
189441481136071 -68 32684694800 1425012105.3420 5765 _
189441481136068 -66 32687270069 1425012105.3420 2437 UofM_Guest_
47491272322 -55 32687269997 1425012105.3420 2412 UofM_Secure_
189441481136072 -61 32687270114 1425012105.3420 2437 eduroam_
189441481136066 -67 32687270099 1425012105.3420 2437 UofM_Secure_
47491272327 -49 32684694770 1425012105.3420 5745 _
189441481136064 -65 32687270054 1425012105.3420 2437 UofM_
189441481136070 -61 32687270083 1425012105.3420 2437 _
