162797488891936 -88 33080285017 1425012500.7240 2437 viro-geni-2_
47492007874 -77 33076677701 1425012500.7240 2412 UofM_Secure_
84207466584968 -80 33080284996 1425012500.7240 2412 eduroam_
84207466584960 -77 33080284978 1425012500.7240 2412 UofM_
84207466584964 -80 33080284987 1425012500.7240 2412 UofM_Guest_
84207466584966 -82 33080284992 1425012500.7240 2412 _
114896623892006 -77 33082652427 1425012500.7240 2437 NAO_
47491959240 -65 33082652458 1425012500.7240 2437 eduroam_
47491959238 -64 33082652448 1425012500.7240 2437 _
47491959236 -66 33082652439 1425012500.7240 2437 UofM_Guest_
47491959232 -67 33082652433 1425012500.7240 2437 UofM_
189441481137416 -87 33080285025 1425012500.7240 2437 eduroam_
47491460546 -82 33082652487 1425012500.7240 2462 UofM_Secure_
47491460552 -78 33082652502 1425012500.7240 2462 eduroam_
47491460548 -78 33082652492 1425012500.7240 2462 UofM_Guest_
47491460550 -78 33082652497 1425012500.7240 2462 _
47491460544 -77 33082652482 1425012500.7240 2462 UofM_
47491959235 -67 33082652511 1425012500.7240 5180 UofM_Secure_
47491959241 -66 33082652520 1425012500.7240 5180 eduroam_
47491959233 -67 33082652506 1425012500.7240 5180 UofM_
47491959237 -68 33082652515 1425012500.7240 5180 UofM_Guest_
189441478786244 -83 33080284962 1425012500.7240 2412 UofM_Guest_
189441478786240 -89 33082652422 1425012500.7240 2412 UofM_
189441478786246 -82 33080284967 1425012500.7240 2412 _
47492007880 -81 33080284950 1425012500.7240 2412 eduroam_
189441478786248 -84 33082652413 1425012500.7240 2412 eduroam_
47492007872 -82 33080284937 1425012500.7240 2412 UofM_
47492007878 -83 33080284946 1425012500.7240 2412 _
47492007876 -83 33080284942 1425012500.7240 2412 UofM_Guest_
189441481137414 -88 33080285021 1425012500.7240 2437 _
