47491268865 -79 33541544096 1425012966.8760 5785 UofM_
47492007872 -79 33548764367 1425012966.8760 2412 UofM_
47492007880 -80 33548764387 1425012966.8760 2412 eduroam_
47492007876 -80 33548764374 1425012966.8760 2412 UofM_Guest_
47492007878 -81 33548764381 1425012966.8760 2412 _
84207466584968 -67 33548764361 1425012966.8760 2412 eduroam_
84207466584960 -68 33548764334 1425012966.8760 2412 UofM_
84207466584964 -70 33548764348 1425012966.8760 2412 UofM_Guest_
162797488891936 -74 33548764315 1425012966.8760 2437 viro-geni-2_
114896623892006 -67 33548764284 1425012966.8760 2437 NAO_
84207466584962 -68 33548764342 1425012966.8760 2412 UofM_Secure_
47492007874 -81 33547449594 1425012966.8760 2412 UofM_Secure_
189441481137412 -79 33548764303 1425012966.8760 2437 UofM_Guest_
84207466584966 -79 33548764355 1425012966.8760 2412 _
189441481137408 -78 33548764291 1425012966.8760 2437 UofM_
47491959234 -76 33546909888 1425012966.8760 2437 UofM_Secure_
47491460546 -80 33547449558 1425012966.8760 2462 UofM_Secure_
47491959240 -79 33548764309 1425012966.8760 2437 eduroam_
47491460552 -76 33546909926 1425012966.8760 2462 eduroam_
47491959236 -83 33546909837 1425012966.8760 2437 UofM_Guest_
47491959232 -81 33546909830 1425012966.8760 2437 UofM_
47491959238 -81 33546909844 1425012966.8760 2437 _
47491460550 -84 33547449567 1425012966.8760 2462 _
47491460544 -84 33547449554 1425012966.8760 2462 UofM_
47491460548 -82 33547449563 1425012966.8760 2462 UofM_Guest_
47491460547 -76 33546909996 1425012966.8760 5240 UofM_Secure_
47491959235 -80 33547449493 1425012966.8760 5180 UofM_Secure_
47491460553 -77 33546910013 1425012966.8760 5240 eduroam_
47491959241 -80 33547449502 1425012966.8760 5180 eduroam_
189441481137416 -78 33548764328 1425012966.8760 2437 eduroam_
47491959233 -84 33547449489 1425012966.8760 5180 UofM_
47491959237 -75 33546909963 1425012966.8760 5180 UofM_Guest_
47491460545 -76 33546909986 1425012966.8760 5240 UofM_
47491460549 -76 33546910004 1425012966.8760 5240 UofM_Guest_
189441481137414 -81 33548764321 1425012966.8760 2437 _
189441481137410 -74 33548764297 1425012966.8760 2437 UofM_Secure_
211938385015055 -84 33547449536 1425012966.8760 2437 viro-geni-1_
211938385015607 -85 33547449540 1425012966.8760 2437 HS-HOME-NET_
47491959239 -79 33547449497 1425012966.8760 5180 _
47493331329 -85 33547449484 1425012966.8760 5180 UofM_
47491268864 -89 33548764393 1425012966.8760 2462 UofM_
47491268868 -88 33547449549 1425012966.8760 2462 UofM_Guest_
47493331336 -86 33548764418 1425012966.8760 2462 eduroam_
47491268872 -87 33548764400 1425012966.8760 2462 eduroam_
47493331332 -86 33548764405 1425012966.8760 2462 UofM_Guest_
47493331334 -88 33548764412 1425012966.8760 2462 _
