47492007872 -82 33584999264 1425013003.0620 2412 UofM_
47492007880 -79 33584999275 1425013003.0620 2412 eduroam_
47492007876 -81 33584999271 1425013003.0620 2412 UofM_Guest_
162797488891936 -76 33584999295 1425013003.0620 2437 viro-geni-2_
211938385015055 -81 33584999311 1425013003.0620 2437 viro-geni-1_
211938385015607 -76 33584999303 1425013003.0620 2437 HS-HOME-NET_
47493331329 -80 33581420946 1425013003.0620 5180 UofM_
47491268864 -84 33584999315 1425013003.0620 2462 UofM_
47491268868 -86 33584999319 1425013003.0620 2462 UofM_Guest_
47491268872 -86 33584999328 1425013003.0620 2462 eduroam_
47493331337 -82 33581420952 1425013003.0620 5180 eduroam_
47493331331 -79 33581420949 1425013003.0620 5180 UofM_Secure_
47491268870 -84 33584999324 1425013003.0620 2462 _
211938385015619 -72 33584999299 1425013003.0620 2437 viro2_
47493331330 -81 33581420954 1425013003.0620 2462 UofM_Secure_
2297084420154 -71 33581420918 1425013003.0620 2412 DIRECT-_
47492007874 -75 33584999268 1425013003.0620 2412 UofM_Secure_
47491269576 -84 33584999290 1425013003.0620 2412 eduroam_
47491268867 -69 33584999337 1425013003.0620 5785 UofM_Secure_
47491268873 -71 33584999346 1425013003.0620 5785 eduroam_
114896623892006 -89 33584999307 1425013003.0620 2437 NAO_
47491268869 -69 33584999342 1425013003.0620 5785 UofM_Guest_
47491268865 -70 33584999332 1425013003.0620 5785 UofM_
47491269572 -83 33584999282 1425013003.0620 2412 UofM_Guest_
47491269568 -84 33584999279 1425013003.0620 2412 UofM_
47491269574 -86 33584999286 1425013003.0620 2412 _
