47491268865 -73 33562810484 1425012983.0000 5785 UofM_
47492007872 -80 33564917182 1425012983.0000 2412 UofM_
47492007880 -81 33564917205 1425012983.0000 2412 eduroam_
47492007876 -78 33564917195 1425012983.0000 2412 UofM_Guest_
47492007878 -80 33564917201 1425012983.0000 2412 _
84207466584968 -84 33562810377 1425012983.0000 2412 eduroam_
84207466584960 -84 33562810365 1425012983.0000 2412 UofM_
84207466584964 -87 33562810374 1425012983.0000 2412 UofM_Guest_
162797488891936 -71 33564917224 1425012983.0000 2437 viro-geni-2_
84207466584962 -79 33562810370 1425012983.0000 2412 UofM_Secure_
47492007874 -73 33564917190 1425012983.0000 2412 UofM_Secure_
211938385015055 -86 33564917217 1425012983.0000 2437 viro-geni-1_
211938385015607 -80 33564917211 1425012983.0000 2437 HS-HOME-NET_
47493331329 -78 33564917254 1425012983.0000 5180 UofM_
47491268864 -68 33564917234 1425012983.0000 2462 UofM_
47491268868 -67 33564917240 1425012983.0000 2462 UofM_Guest_
47493331336 -87 33562810444 1425012983.0000 2462 eduroam_
47491268872 -71 33564917249 1425012983.0000 2462 eduroam_
47493331332 -85 33562810436 1425012983.0000 2462 UofM_Guest_
47493331334 -86 33562810440 1425012983.0000 2462 _
47491268873 -74 33562810498 1425012983.0000 5785 eduroam_
47491268867 -74 33562810489 1425012983.0000 5785 UofM_Secure_
47492007875 -80 33564917277 1425012983.0000 5220 UofM_Secure_
47492007881 -81 33564917286 1425012983.0000 5220 eduroam_
47493331337 -75 33564917268 1425012983.0000 5180 eduroam_
47493331331 -77 33564917259 1425012983.0000 5180 UofM_Secure_
47491473992 -82 33562810401 1425012983.0000 2437 eduroam_
47491268869 -72 33562810493 1425012983.0000 5785 UofM_Guest_
47491268871 -75 33562810502 1425012983.0000 5785 _
47492007873 -79 33564917273 1425012983.0000 5220 UofM_
47492007877 -80 33564917282 1425012983.0000 5220 UofM_Guest_
47493331333 -75 33564917264 1425012983.0000 5180 UofM_Guest_
47491268870 -68 33564917244 1425012983.0000 2462 _
47491473988 -82 33562810397 1425012983.0000 2437 UofM_Guest_
47491473984 -83 33562810393 1425012983.0000 2437 UofM_
211938385015619 -75 33564917228 1425012983.0000 2437 viro2_
47493331328 -86 33562810432 1425012983.0000 2462 UofM_
