189441481136064 -80 33331828717 1425012749.8880 2437 UofM_
189441481136070 -83 33328224599 1425012749.8880 2437 _
47491272329 -76 33331828797 1425012749.8880 5745 eduroam_
189441481136073 -79 33328224640 1425012749.8880 5765 eduroam_
189441481136072 -84 33328224604 1425012749.8880 2437 eduroam_
47491272328 -80 33328224594 1425012749.8880 2412 eduroam_
189441481136069 -79 33328224635 1425012749.8880 5765 UofM_Guest_
47491272324 -80 33328224588 1425012749.8880 2412 UofM_Guest_
47491272320 -82 33328224584 1425012749.8880 2412 UofM_
47491268873 -59 33328224661 1425012749.8880 5785 eduroam_
47491268867 -62 33328224651 1425012749.8880 5785 UofM_Secure_
47491268872 -84 33331828769 1425012749.8880 2462 eduroam_
47491268869 -61 33328224656 1425012749.8880 5785 UofM_Guest_
47491268865 -64 33328224647 1425012749.8880 5785 UofM_
47491268871 -67 33328224665 1425012749.8880 5785 _
47491268864 -83 33331828753 1425012749.8880 2462 UofM_
47491268868 -85 33331828758 1425012749.8880 2462 UofM_Guest_
47491268870 -87 33331828763 1425012749.8880 2462 _
47491268866 -76 33328224626 1425012749.8880 2462 UofM_Secure_
47491272323 -76 33331828788 1425012749.8880 5745 UofM_Secure_
47491271497 -82 33331828778 1425012749.8880 5220 eduroam_
47491271490 -78 33331828705 1425012749.8880 2437 UofM_Secure_
47491271496 -81 33331828713 1425012749.8880 2437 eduroam_
47491463112 -85 33331828697 1425012749.8880 2412 eduroam_
47491272321 -76 33331828784 1425012749.8880 5745 UofM_
47491272325 -78 33331828793 1425012749.8880 5745 UofM_Guest_
47491271493 -82 33331828773 1425012749.8880 5220 UofM_Guest_
47491271492 -81 33331828709 1425012749.8880 2437 UofM_Guest_
47491271488 -82 33331828701 1425012749.8880 2437 UofM_
47491271494 -83 33331828721 1425012749.8880 2437 _
47491463108 -86 33331828692 1425012749.8880 2412 UofM_Guest_
47491463104 -88 33331828688 1425012749.8880 2412 UofM_
