47492007872 -82 32535202358 1425011953.2650 2412 UofM_
84207466584962 -74 32535202350 1425011953.2650 2412 UofM_Secure_
84207466584968 -78 32535202340 1425011953.2650 2412 eduroam_
114896623892006 -64 32535202377 1425011953.2650 2437 NAO_
84207466584966 -77 32535202335 1425011953.2650 2412 _
84207466584964 -78 32535202354 1425011953.2650 2412 UofM_Guest_
84207466584960 -80 32535202345 1425011953.2650 2412 UofM_
189441481137412 -84 32535202408 1425011953.2650 2437 UofM_Guest_
47491959236 -73 32535202385 1425011953.2650 2437 UofM_Guest_
47491959237 -85 32535202454 1425011953.2650 5180 UofM_Guest_
189441481137408 -73 32535202400 1425011953.2650 2437 UofM_
189441481137410 -77 32535202404 1425011953.2650 2437 UofM_Secure_
189441481137416 -81 32531559074 1425011953.2650 2437 eduroam_
47491959235 -79 32531559102 1425011953.2650 5180 UofM_Secure_
47491959240 -76 32535202392 1425011953.2650 2437 eduroam_
47491959234 -71 32535202372 1425011953.2650 2437 UofM_Secure_
47491959241 -80 32535202457 1425011953.2650 5180 eduroam_
47491460552 -84 32535202417 1425011953.2650 2462 eduroam_
47491959238 -75 32535202388 1425011953.2650 2437 _
47491959232 -74 32535202381 1425011953.2650 2437 UofM_
47491959233 -81 32531559098 1425011953.2650 5180 UofM_
47491460553 -78 32531559132 1425011953.2650 5240 eduroam_
47491460547 -78 32531559121 1425011953.2650 5240 UofM_Secure_
47492007880 -82 32535202369 1425011953.2650 2412 eduroam_
47491460549 -78 32531559126 1425011953.2650 5240 UofM_Guest_
47491460545 -79 32531559116 1425011953.2650 5240 UofM_
47492007876 -81 32535202365 1425011953.2650 2412 UofM_Guest_
47491460546 -77 32535202430 1425011953.2650 2462 UofM_Secure_
47493331331 -82 32535202447 1425011953.2650 5180 UofM_Secure_
47492007874 -80 32535202361 1425011953.2650 2412 UofM_Secure_
162797488891936 -81 32535202396 1425011953.2650 2437 viro-geni-2_
47493331333 -80 32535202450 1425011953.2650 5180 UofM_Guest_
47493331329 -82 32535202443 1425011953.2650 5180 UofM_
47491460544 -82 32535202426 1425011953.2650 2462 UofM_
47491460550 -82 32535202439 1425011953.2650 2462 _
47491460548 -83 32535202434 1425011953.2650 2462 UofM_Guest_
211938385015619 -88 32535202412 1425011953.2650 2437 viro2_
