189441481136070 -79 32833556790 1425012251.6190 2437 _
189441481136068 -83 32833556783 1425012251.6190 2437 UofM_Guest_
47491268872 -80 32830057999 1425012251.6190 2462 eduroam_
189441481136072 -78 32833556796 1425012251.6190 2437 eduroam_
47491272328 -82 32833556766 1425012251.6190 2412 eduroam_
47491268868 -80 32830057986 1425012251.6190 2462 UofM_Guest_
189441481136064 -80 32833556773 1425012251.6190 2437 UofM_
47491268864 -76 32830057978 1425012251.6190 2462 UofM_
47491272320 -82 32833556706 1425012251.6190 2412 UofM_
47491272324 -81 32833556712 1425012251.6190 2412 UofM_Guest_
47491272326 -82 32833556719 1425012251.6190 2412 _
47491272329 -72 32833556819 1425012251.6190 5745 eduroam_
47491272323 -75 32833556802 1425012251.6190 5745 UofM_Secure_
47491272325 -72 32833556814 1425012251.6190 5745 UofM_Guest_
47491272321 -72 32833556808 1425012251.6190 5745 UofM_
47491268873 -80 32833556859 1425012251.6190 5785 eduroam_
47491268867 -84 32833556849 1425012251.6190 5785 UofM_Secure_
47491268866 -73 32830058006 1425012251.6190 2462 UofM_Secure_
47491268865 -79 32833556844 1425012251.6190 5785 UofM_
47491268869 -82 32833556855 1425012251.6190 5785 UofM_Guest_
47491268870 -81 32830057992 1425012251.6190 2462 _
47491268871 -77 32830058068 1425012251.6190 5785 _
47491272327 -78 32833556824 1425012251.6190 5745 _
189441481136073 -78 32833556839 1425012251.6190 5765 eduroam_
189441481136067 -78 32833556835 1425012251.6190 5765 UofM_Secure_
189441481136066 -78 32833556778 1425012251.6190 2437 UofM_Secure_
189441481136065 -78 32833556829 1425012251.6190 5765 UofM_
