47491272328 -81 32907425412 1425012325.4870 2412 eduroam_
47491272320 -78 32907425395 1425012325.4870 2412 UofM_
47491272324 -80 32907425404 1425012325.4870 2412 UofM_Guest_
47491272326 -81 32907425408 1425012325.4870 2412 _
47491272322 -75 32907425399 1425012325.4870 2412 UofM_Secure_
47491271496 -68 32907425430 1425012325.4870 2437 eduroam_
47491271492 -70 32907425426 1425012325.4870 2437 UofM_Guest_
47491271488 -70 32907425417 1425012325.4870 2437 UofM_
47491271491 -75 32907425435 1425012325.4870 5220 UofM_Secure_
47491271497 -72 32907425444 1425012325.4870 5220 eduroam_
47491271490 -73 32903916322 1425012325.4870 2437 UofM_Secure_
47491268867 -78 32903916384 1425012325.4870 5785 UofM_Secure_
47491271495 -72 32903916362 1425012325.4870 5220 _
47491271489 -71 32907425448 1425012325.4870 5220 UofM_
47491271493 -73 32907425440 1425012325.4870 5220 UofM_Guest_
47491271494 -79 32907425421 1425012325.4870 2437 _
47491272329 -76 32907425480 1425012325.4870 5745 eduroam_
47491272323 -78 32907425458 1425012325.4870 5745 UofM_Secure_
189441478940488 -86 32907425391 1425012325.4870 2412 eduroam_
47491272325 -76 32907425465 1425012325.4870 5745 UofM_Guest_
47491272327 -76 32907425472 1425012325.4870 5745 _
47491272321 -78 32907425454 1425012325.4870 5745 UofM_
