47492007872 -83 33568278814 1425012995.9120 2412 UofM_
47492007880 -82 33568278805 1425012995.9120 2412 eduroam_
47492007876 -79 33568278809 1425012995.9120 2412 UofM_Guest_
47492007878 -83 33568278818 1425012995.9120 2412 _
162797488891936 -63 33577848763 1425012995.9120 2437 viro-geni-2_
211938385015055 -67 33577848775 1425012995.9120 2437 viro-geni-1_
211938385015607 -67 33577848771 1425012995.9120 2437 HS-HOME-NET_
47493331329 -71 33577848783 1425012995.9120 5180 UofM_
47491268864 -81 33568278855 1425012995.9120 2462 UofM_
47491268868 -84 33568278859 1425012995.9120 2462 UofM_Guest_
47493331336 -84 33568278851 1425012995.9120 2462 eduroam_
47491268872 -84 33568278866 1425012995.9120 2462 eduroam_
47493331332 -84 33568278844 1425012995.9120 2462 UofM_Guest_
47493331334 -86 33568278848 1425012995.9120 2462 _
47492007875 -81 33568278902 1425012995.9120 5220 UofM_Secure_
47493331337 -72 33577848795 1425012995.9120 5180 eduroam_
47493331331 -69 33577848787 1425012995.9120 5180 UofM_Secure_
47493331333 -70 33577848791 1425012995.9120 5180 UofM_Guest_
47491268870 -86 33568278862 1425012995.9120 2462 _
211938385015619 -68 33577848767 1425012995.9120 2437 viro2_
47493331328 -82 33577848779 1425012995.9120 2462 UofM_
162797488891937 -72 33568278906 1425012995.9120 5765 Linksys19141_5GHz_
47493331330 -75 33577848758 1425012995.9120 2462 UofM_Secure_
47493331335 -71 33577848799 1425012995.9120 5180 _
2297084420154 -69 33577848753 1425012995.9120 2412 DIRECT-_
