47491272329 -79 32718557440 1425012140.1560 5745 eduroam_
47491272328 -81 32722096285 1425012140.1560 2412 eduroam_
47491272326 -82 32722096281 1425012140.1560 2412 _
47491272320 -85 32722096271 1425012140.1560 2412 UofM_
47491272324 -79 32722096276 1425012140.1560 2412 UofM_Guest_
189441481136067 -69 32718557446 1425012140.1560 5765 UofM_Secure_
189441481136073 -71 32718557457 1425012140.1560 5765 eduroam_
189441481136065 -82 32722096333 1425012140.1560 5765 UofM_
189441481136069 -80 32722096327 1425012140.1560 5765 UofM_Guest_
189441481136068 -70 32722096291 1425012140.1560 2437 UofM_Guest_
47491272322 -79 32718557386 1425012140.1560 2412 UofM_Secure_
189441481136072 -71 32722096301 1425012140.1560 2437 eduroam_
189441481136064 -76 32722096322 1425012140.1560 2437 UofM_
189441481136070 -73 32722096297 1425012140.1560 2437 _
189441481136066 -66 32718557423 1425012140.1560 2437 UofM_Secure_
47491959240 -79 32722096314 1425012140.1560 2437 eduroam_
47491959234 -82 32718557427 1425012140.1560 2437 UofM_Secure_
47491959232 -80 32722096306 1425012140.1560 2437 UofM_
47491959236 -78 32722096310 1425012140.1560 2437 UofM_Guest_
47491959238 -76 32722096318 1425012140.1560 2437 _
