189441481136072 -73 32800089523 1425012218.1490 2437 eduroam_
189441481136064 -77 32800089511 1425012218.1490 2437 UofM_
189441481136070 -80 32800089518 1425012218.1490 2437 _
189441481136067 -77 32800089555 1425012218.1490 5765 UofM_Secure_
189441481136068 -79 32800089504 1425012218.1490 2437 UofM_Guest_
47491272328 -75 32796546309 1425012218.1490 2412 eduroam_
47491272324 -74 32796546304 1425012218.1490 2412 UofM_Guest_
47491272320 -79 32796546301 1425012218.1490 2412 UofM_
189441481136066 -66 32796546318 1425012218.1490 2437 UofM_Secure_
47491272326 -75 32796546307 1425012218.1490 2412 _
47491268872 -85 32800089549 1425012218.1490 2462 eduroam_
47491268868 -85 32800089537 1425012218.1490 2462 UofM_Guest_
47491268864 -86 32800089530 1425012218.1490 2462 UofM_
47491268870 -86 32800089543 1425012218.1490 2462 _
