189441481136070 -72 32837040557 1425012255.1030 2437 _
189441481136068 -80 32837040552 1425012255.1030 2437 UofM_Guest_
189441481136072 -72 32837040561 1425012255.1030 2437 eduroam_
47491272328 -81 32837040534 1425012255.1030 2412 eduroam_
189441481136064 -81 32837040543 1425012255.1030 2437 UofM_
47491268864 -87 32837040568 1425012255.1030 2462 UofM_
47491272320 -83 32837040529 1425012255.1030 2412 UofM_
47491272324 -80 32837040507 1425012255.1030 2412 UofM_Guest_
47491272326 -78 32837040514 1425012255.1030 2412 _
47491272329 -72 32837040589 1425012255.1030 5745 eduroam_
47491272323 -68 32837040520 1425012255.1030 5745 UofM_Secure_
47491272325 -71 32837040574 1425012255.1030 5745 UofM_Guest_
47491272321 -72 32837040595 1425012255.1030 5745 UofM_
47491268873 -80 32833556859 1425012255.1030 5785 eduroam_
47491268867 -84 32833556849 1425012255.1030 5785 UofM_Secure_
47491268865 -79 32833556844 1425012255.1030 5785 UofM_
47491268869 -82 32833556855 1425012255.1030 5785 UofM_Guest_
47491272327 -71 32837040581 1425012255.1030 5745 _
189441481136073 -70 32837040626 1425012255.1030 5765 eduroam_
189441481136067 -67 32837040609 1425012255.1030 5765 UofM_Secure_
189441481136066 -71 32837040548 1425012255.1030 2437 UofM_Secure_
189441481136065 -69 32837040602 1425012255.1030 5765 UofM_
189441481136069 -69 32837040617 1425012255.1030 5765 UofM_Guest_
