47491268867 -74 33003597502 1425012427.4800 5785 UofM_Secure_
114896623892006 -69 33009410506 1425012427.4800 2437 NAO_
84207466584968 -75 33009410469 1425012427.4800 2412 eduroam_
84207466584960 -76 33009410441 1425012427.4800 2412 UofM_
84207466584964 -78 33009410460 1425012427.4800 2412 UofM_Guest_
162797488891936 -85 33009410550 1425012427.4800 2437 viro-geni-2_
84207466584962 -75 33009410452 1425012427.4800 2412 UofM_Secure_
47492007880 -85 33009410497 1425012427.4800 2412 eduroam_
84207466584966 -81 33009410476 1425012427.4800 2412 _
47492007872 -85 33007087994 1425012427.4800 2412 UofM_
47492007878 -85 33009410483 1425012427.4800 2412 _
47492007876 -85 33007087998 1425012427.4800 2412 UofM_Guest_
47491959240 -84 33007088038 1425012427.4800 2437 eduroam_
47491460552 -81 33009410593 1425012427.4800 2462 eduroam_
189441481137414 -86 33009410556 1425012427.4800 2437 _
47491959236 -84 33007088030 1425012427.4800 2437 UofM_Guest_
47491959232 -77 33009410541 1425012427.4800 2437 UofM_
47491460544 -80 33009410562 1425012427.4800 2462 UofM_
47491959238 -86 33007088034 1425012427.4800 2437 _
47491460548 -80 33009410584 1425012427.4800 2462 UofM_Guest_
47491460550 -83 33009410604 1425012427.4800 2462 _
189441481137410 -75 33009410523 1425012427.4800 2437 UofM_Secure_
47491460546 -78 33009410577 1425012427.4800 2462 UofM_Secure_
189441481137416 -83 33009410536 1425012427.4800 2437 eduroam_
189441481137408 -77 33009410514 1425012427.4800 2437 UofM_
189441481137412 -78 33009410530 1425012427.4800 2437 UofM_Guest_
