47492007872 -78 32538849010 1425011956.9110 2412 UofM_
84207466584962 -70 32538848992 1425011956.9110 2412 UofM_Secure_
84207466584968 -79 32538849003 1425011956.9110 2412 eduroam_
114896623892006 -75 32538849049 1425011956.9110 2437 NAO_
84207466584966 -80 32538849031 1425011956.9110 2412 _
84207466584964 -71 32538848998 1425011956.9110 2412 UofM_Guest_
84207466584960 -73 32538848988 1425011956.9110 2412 UofM_
189441481137412 -77 32538849040 1425011956.9110 2437 UofM_Guest_
47491959236 -73 32535202385 1425011956.9110 2437 UofM_Guest_
47491959237 -85 32535202454 1425011956.9110 5180 UofM_Guest_
189441481137408 -79 32538849036 1425011956.9110 2437 UofM_
189441481137410 -77 32535202404 1425011956.9110 2437 UofM_Secure_
47491959240 -76 32535202392 1425011956.9110 2437 eduroam_
47491959234 -71 32535202372 1425011956.9110 2437 UofM_Secure_
47491959241 -80 32535202457 1425011956.9110 5180 eduroam_
47491460552 -84 32535202417 1425011956.9110 2462 eduroam_
47491959238 -75 32535202388 1425011956.9110 2437 _
47491959232 -74 32535202381 1425011956.9110 2437 UofM_
47492007880 -78 32538849028 1425011956.9110 2412 eduroam_
47492007876 -76 32538849024 1425011956.9110 2412 UofM_Guest_
47491460546 -77 32535202430 1425011956.9110 2462 UofM_Secure_
47493331331 -82 32535202447 1425011956.9110 5180 UofM_Secure_
47492007874 -77 32538849015 1425011956.9110 2412 UofM_Secure_
162797488891936 -81 32538849053 1425011956.9110 2437 viro-geni-2_
47493331333 -80 32535202450 1425011956.9110 5180 UofM_Guest_
47493331329 -82 32535202443 1425011956.9110 5180 UofM_
47491460544 -82 32535202426 1425011956.9110 2462 UofM_
47491460550 -82 32535202439 1425011956.9110 2462 _
47491460548 -83 32535202434 1425011956.9110 2462 UofM_Guest_
211938385015619 -88 32535202412 1425011956.9110 2437 viro2_
47491268873 -75 32538849088 1425011956.9110 5785 eduroam_
47491268867 -76 32538849073 1425011956.9110 5785 UofM_Secure_
47491268872 -89 32538849065 1425011956.9110 2462 eduroam_
47491268869 -75 32538849083 1425011956.9110 5785 UofM_Guest_
47491268865 -78 32538849078 1425011956.9110 5785 UofM_
189441481137414 -82 32538849045 1425011956.9110 2437 _
47491268868 -88 32538849060 1425011956.9110 2462 UofM_Guest_
47491268870 -89 32538849070 1425011956.9110 2462 _
47491268864 -89 32538849057 1425011956.9110 2462 UofM_
