47491272328 -85 33450121032 1425012871.4530 2412 eduroam_
47491272321 -79 33450121040 1425012871.4530 5745 UofM_
47491272324 -85 33450121022 1425012871.4530 2412 UofM_Guest_
47491272326 -84 33450121027 1425012871.4530 2412 _
189441481136073 -76 33450121113 1425012871.4530 5765 eduroam_
189441481136067 -75 33450121102 1425012871.4530 5765 UofM_Secure_
189441481136065 -76 33450121097 1425012871.4530 5765 UofM_
189441481136069 -77 33450121108 1425012871.4530 5765 UofM_Guest_
189441481136064 -81 33453342801 1425012871.4530 2437 UofM_
189441481136072 -77 33453342837 1425012871.4530 2437 eduroam_
189441481136068 -77 33453342825 1425012871.4530 2437 UofM_Guest_
189441481136070 -82 33453342832 1425012871.4530 2437 _
47494398600 -85 33450121091 1425012871.4530 2462 eduroam_
47494398596 -89 33453342859 1425012871.4530 2462 UofM_Guest_
47494398598 -84 33450121085 1425012871.4530 2462 _
47491959236 -80 33453342849 1425012871.4530 2437 UofM_Guest_
47491959238 -80 33453342854 1425012871.4530 2437 _
189441481136066 -75 33453342819 1425012871.4530 2437 UofM_Secure_
47494398592 -84 33450121073 1425012871.4530 2462 UofM_
47491959240 -82 33453342811 1425012871.4530 2437 eduroam_
47491959232 -81 33453342843 1425012871.4530 2437 UofM_
