162797488891936 -81 33129331484 1425012550.9330 2437 viro-geni-2_
84207466584968 -85 33132872025 1425012550.9330 2412 eduroam_
84207466584960 -88 33132872018 1425012550.9330 2412 UofM_
84207466584966 -88 33132872028 1425012550.9330 2412 _
47492007872 -65 33132872031 1425012550.9330 2412 UofM_
47491268870 -74 33132872054 1425012550.9330 2462 _
47491268868 -65 33132872051 1425012550.9330 2462 UofM_Guest_
47491268864 -64 33132872057 1425012550.9330 2462 UofM_
47491268872 -68 33132872060 1425012550.9330 2462 eduroam_
47491268867 -68 33132872078 1425012550.9330 5785 UofM_Secure_
47491268873 -69 33132872084 1425012550.9330 5785 eduroam_
47491473986 -74 33129331500 1425012550.9330 2437 UofM_Secure_
47491473992 -85 33132872048 1425012550.9330 2437 eduroam_
47491268869 -69 33132872081 1425012550.9330 5785 UofM_Guest_
47491268865 -70 33132872075 1425012550.9330 5785 UofM_
47491473988 -81 33132872045 1425012550.9330 2437 UofM_Guest_
47491473984 -77 33129331489 1425012550.9330 2437 UofM_
47492007880 -80 33132872041 1425012550.9330 2412 eduroam_
84207466584962 -78 33129331458 1425012550.9330 2412 UofM_Secure_
2297084420154 -76 33129331454 1425012550.9330 2412 DIRECT-_
47491268871 -71 33132872087 1425012550.9330 5785 _
47492007876 -81 33132872035 1425012550.9330 2412 UofM_Guest_
47492007878 -82 33132872038 1425012550.9330 2412 _
84207466584964 -85 33132872021 1425012550.9330 2412 UofM_Guest_
9354243434185 -77 33129331544 1425012550.9330 5785 eduroam_
47492007874 -77 33129331466 1425012550.9330 2412 UofM_Secure_
9354243434177 -82 33129331548 1425012550.9330 5785 UofM_
47491959236 -82 33129331493 1425012550.9330 2437 UofM_Guest_
47492007881 -73 33132872072 1425012550.9330 5220 eduroam_
47492007875 -74 33132872066 1425012550.9330 5220 UofM_Secure_
47492007873 -72 33132872063 1425012550.9330 5220 UofM_
47492007877 -73 33132872069 1425012550.9330 5220 UofM_Guest_
