47491272328 -74 33362505618 1425012792.8060 2412 eduroam_
47491272320 -75 33374746590 1425012792.8060 2412 UofM_
47491272324 -73 33362505614 1425012792.8060 2412 UofM_Guest_
47491272322 -75 33362505609 1425012792.8060 2412 UofM_Secure_
47491271488 -82 33374746600 1425012792.8060 2437 UofM_
189441481136070 -84 33362505628 1425012792.8060 2437 _
47491272323 -72 33362505643 1425012792.8060 5745 UofM_Secure_
47491272329 -73 33362505653 1425012792.8060 5745 eduroam_
189441481136073 -76 33362505678 1425012792.8060 5765 eduroam_
189441481136067 -78 33362505666 1425012792.8060 5765 UofM_Secure_
189441481136072 -81 33362505633 1425012792.8060 2437 eduroam_
47491272325 -71 33362505649 1425012792.8060 5745 UofM_Guest_
47491272321 -71 33362505637 1425012792.8060 5745 UofM_
47491272327 -72 33362505661 1425012792.8060 5745 _
189441481136069 -78 33362505673 1425012792.8060 5765 UofM_Guest_
189441481136065 -79 33362505683 1425012792.8060 5765 UofM_
189441481136064 -82 33362505623 1425012792.8060 2437 UofM_
47491271496 -83 33374746616 1425012792.8060 2437 eduroam_
47491271492 -84 33374746607 1425012792.8060 2437 UofM_Guest_
