47491268865 -70 32654376315 1425012072.4380 5785 UofM_
189441481136073 -79 32650760791 1425012072.4380 5765 eduroam_
189441481136067 -77 32650760783 1425012072.4380 5765 UofM_Secure_
47494398600 -78 32650760773 1425012072.4380 2462 eduroam_
189441481136065 -78 32650760780 1425012072.4380 5765 UofM_
189441481136069 -78 32650760787 1425012072.4380 5765 UofM_Guest_
47491463108 -83 32654376188 1425012072.4380 2412 UofM_Guest_
47491463110 -82 32654376201 1425012072.4380 2412 _
47491463104 -82 32654376183 1425012072.4380 2412 UofM_
47491463106 -81 32654376207 1425012072.4380 2412 UofM_Secure_
47491463112 -86 32654376194 1425012072.4380 2412 eduroam_
47494398596 -80 32654376271 1425012072.4380 2462 UofM_Guest_
47491959240 -80 32654376230 1425012072.4380 2437 eduroam_
47491959234 -76 32650760754 1425012072.4380 2437 UofM_Secure_
47491959236 -79 32654376213 1425012072.4380 2437 UofM_Guest_
47491959232 -80 32654376218 1425012072.4380 2437 UofM_
189441481136072 -84 32650760758 1425012072.4380 2437 eduroam_
47491959238 -80 32654376224 1425012072.4380 2437 _
47491268873 -69 32654376332 1425012072.4380 5785 eduroam_
47491268867 -73 32654376320 1425012072.4380 5785 UofM_Secure_
47494398601 -76 32650760825 1425012072.4380 5805 eduroam_
47494398595 -75 32650760816 1425012072.4380 5805 UofM_Secure_
47491268869 -71 32654376326 1425012072.4380 5785 UofM_Guest_
47491268871 -68 32650760809 1425012072.4380 5785 _
47494398597 -74 32650760821 1425012072.4380 5805 UofM_Guest_
47494398593 -75 32650760813 1425012072.4380 5805 UofM_
47494398598 -81 32654376281 1425012072.4380 2462 _
47494398592 -78 32654376261 1425012072.4380 2462 UofM_
47491272329 -79 32654376306 1425012072.4380 5745 eduroam_
47491271496 -82 32654376252 1425012072.4380 2437 eduroam_
47491272321 -81 32654376296 1425012072.4380 5745 UofM_
47491271488 -79 32654376237 1425012072.4380 2437 UofM_
