47491268867 -66 32989660012 1425012407.7210 5785 UofM_Secure_
47491268873 -67 32989660065 1425012407.7210 5785 eduroam_
47491268869 -68 32989660058 1425012407.7210 5785 UofM_Guest_
47491268865 -69 32989660069 1425012407.7210 5785 UofM_
47491268864 -80 32989660026 1425012407.7210 2462 UofM_
47491268872 -84 32989660038 1425012407.7210 2462 eduroam_
47491268870 -85 32989660034 1425012407.7210 2462 _
47492007876 -81 32986165678 1425012407.7210 2412 UofM_Guest_
47492007880 -81 32986165685 1425012407.7210 2412 eduroam_
47492007872 -82 32986165673 1425012407.7210 2412 UofM_
47492007878 -81 32986165682 1425012407.7210 2412 _
47491473992 -82 32989660019 1425012407.7210 2437 eduroam_
47491268871 -72 32989660061 1425012407.7210 5785 _
47491473988 -84 32989660009 1425012407.7210 2437 UofM_Guest_
47491473986 -82 32989660022 1425012407.7210 2437 UofM_Secure_
47491328712 -85 32986165690 1425012407.7210 2437 eduroam_
47491473984 -83 32989660015 1425012407.7210 2437 UofM_
47492007881 -78 32989660055 1425012407.7210 5220 eduroam_
47492007875 -79 32989660048 1425012407.7210 5220 UofM_Secure_
47491268866 -75 32989660041 1425012407.7210 2462 UofM_Secure_
162797488891936 -81 32989660005 1425012407.7210 2437 viro-geni-2_
47492007873 -79 32989660044 1425012407.7210 5220 UofM_
47492007877 -82 32989660051 1425012407.7210 5220 UofM_Guest_
47491268868 -78 32989660031 1425012407.7210 2462 UofM_Guest_
