47491268867 -70 33056401983 1425012474.4640 5785 UofM_Secure_
162797488891936 -77 33056401935 1425012474.4640 2437 viro-geni-2_
47492007880 -77 33056401916 1425012474.4640 2412 eduroam_
47492007872 -78 33056401906 1425012474.4640 2412 UofM_
47492007878 -88 33052858929 1425012474.4640 2412 _
211938385015607 -67 33056401930 1425012474.4640 2437 HS-HOME-NET_
211938385015055 -79 33056401945 1425012474.4640 2437 viro-geni-1_
211938385015619 -75 33056401940 1425012474.4640 2437 viro2_
162797488891937 -73 33052858995 1425012474.4640 5765 Linksys19141_5GHz_
47493331337 -80 33052858992 1425012474.4640 5180 eduroam_
47493331331 -79 33056401925 1425012474.4640 5180 UofM_Secure_
47491269576 -81 33052858941 1425012474.4640 2412 eduroam_
2297084420154 -74 33056401901 1425012474.4640 2412 DIRECT-_
47493331333 -81 33052858989 1425012474.4640 5180 UofM_Guest_
47491269568 -78 33052858946 1425012474.4640 2412 UofM_
47491269574 -79 33052858937 1425012474.4640 2412 _
47491268872 -83 33056401967 1425012474.4640 2462 eduroam_
47491268873 -72 33056401994 1425012474.4640 5785 eduroam_
47491268869 -70 33056401989 1425012474.4640 5785 UofM_Guest_
47491268871 -79 33052859014 1425012474.4640 5785 _
47491268865 -71 33056401978 1425012474.4640 5785 UofM_
47491268868 -79 33056401956 1425012474.4640 2462 UofM_Guest_
47491268864 -79 33056401950 1425012474.4640 2462 UofM_
47493331328 -84 33056401972 1425012474.4640 2462 UofM_
47492007874 -83 33056401920 1425012474.4640 2412 UofM_Secure_
47492007876 -76 33056401911 1425012474.4640 2412 UofM_Guest_
47491268870 -82 33056401961 1425012474.4640 2462 _
