47491272320 -48 33425842951 1425012843.9000 2412 UofM_
47491272329 -56 33425842999 1425012843.9000 5745 eduroam_
47491272323 -56 33425842992 1425012843.9000 5745 UofM_Secure_
47491272328 -51 33425842966 1425012843.9000 2412 eduroam_
47491272325 -58 33425842996 1425012843.9000 5745 UofM_Guest_
47491272321 -44 33425842970 1425012843.9000 5745 UofM_
47491272324 -50 33425842959 1425012843.9000 2412 UofM_Guest_
47491272326 -49 33425842962 1425012843.9000 2412 _
189441481136073 -61 33425843014 1425012843.9000 5765 eduroam_
189441481136067 -60 33425843007 1425012843.9000 5765 UofM_Secure_
189441481136065 -60 33425843003 1425012843.9000 5765 UofM_
189441481136069 -60 33425843011 1425012843.9000 5765 UofM_Guest_
189441481136064 -68 33425842988 1425012843.9000 2437 UofM_
189441481136072 -71 33425842981 1425012843.9000 2437 eduroam_
189441481136068 -67 33425842973 1425012843.9000 2437 UofM_Guest_
189441481136070 -69 33425842977 1425012843.9000 2437 _
47491272322 -49 33425842955 1425012843.9000 2412 UofM_Secure_
189441481136066 -68 33425842984 1425012843.9000 2437 UofM_Secure_
