189441481136070 -66 32840513754 1425012258.5730 2437 _
189441481136068 -67 32840513750 1425012258.5730 2437 UofM_Guest_
189441481136072 -64 32840513758 1425012258.5730 2437 eduroam_
47491272328 -75 32840513713 1425012258.5730 2412 eduroam_
189441481136064 -67 32840513740 1425012258.5730 2437 UofM_
47491268864 -87 32837040568 1425012258.5730 2462 UofM_
47491272320 -77 32840513683 1425012258.5730 2412 UofM_
47491272324 -75 32840513699 1425012258.5730 2412 UofM_Guest_
47491272326 -77 32840513707 1425012258.5730 2412 _
47491272329 -66 32840513771 1425012258.5730 5745 eduroam_
47491272323 -61 32840513718 1425012258.5730 5745 UofM_Secure_
47491272325 -66 32840513767 1425012258.5730 5745 UofM_Guest_
47491272321 -66 32840513763 1425012258.5730 5745 UofM_
47491272327 -69 32840513775 1425012258.5730 5745 _
189441481136073 -66 32840513792 1425012258.5730 5765 eduroam_
189441481136067 -66 32840513784 1425012258.5730 5765 UofM_Secure_
189441481136066 -66 32840513745 1425012258.5730 2437 UofM_Secure_
189441481136065 -66 32840513780 1425012258.5730 5765 UofM_
189441481136069 -66 32840513788 1425012258.5730 5765 UofM_Guest_
47491272322 -73 32840513693 1425012258.5730 2412 UofM_Secure_
