47491268867 -79 33052859003 1425012470.9260 5785 UofM_Secure_
162797488891936 -64 33052858959 1425012470.9260 2437 viro-geni-2_
47492007880 -87 33052858934 1425012470.9260 2412 eduroam_
47492007872 -86 33052858920 1425012470.9260 2412 UofM_
47492007878 -88 33052858929 1425012470.9260 2412 _
211938385015607 -61 33052858955 1425012470.9260 2437 HS-HOME-NET_
211938385015055 -86 33052858949 1425012470.9260 2437 viro-geni-1_
211938385015619 -64 33052858964 1425012470.9260 2437 viro2_
162797488891937 -73 33052858995 1425012470.9260 5765 Linksys19141_5GHz_
47493331337 -80 33052858992 1425012470.9260 5180 eduroam_
47493331331 -81 33052858985 1425012470.9260 5180 UofM_Secure_
47491269576 -81 33052858941 1425012470.9260 2412 eduroam_
2297084420154 -69 33052858926 1425012470.9260 2412 DIRECT-_
47493331329 -76 33049313556 1425012470.9260 5180 UofM_
47493331333 -81 33052858989 1425012470.9260 5180 UofM_Guest_
47491269570 -72 33049313494 1425012470.9260 2412 UofM_Secure_
47493331335 -73 33049313573 1425012470.9260 5180 _
47491269568 -78 33052858946 1425012470.9260 2412 UofM_
47491269574 -79 33052858937 1425012470.9260 2412 _
47491269572 -66 33049313503 1425012470.9260 2412 UofM_Guest_
47491271491 -78 33049313585 1425012470.9260 5220 UofM_Secure_
47491271497 -81 33049313598 1425012470.9260 5220 eduroam_
47493331336 -80 33049313545 1425012470.9260 2462 eduroam_
47491268872 -85 33052858981 1425012470.9260 2462 eduroam_
47491271489 -80 33049313579 1425012470.9260 5220 UofM_
47491271493 -81 33049313592 1425012470.9260 5220 UofM_Guest_
47491268873 -81 33052859011 1425012470.9260 5785 eduroam_
47491268869 -78 33052859007 1425012470.9260 5785 UofM_Guest_
47491268871 -79 33052859014 1425012470.9260 5785 _
47491268865 -80 33052858998 1425012470.9260 5785 UofM_
47491268868 -83 33052858978 1425012470.9260 2462 UofM_Guest_
47491268864 -84 33052858974 1425012470.9260 2462 UofM_
47493331328 -86 33052858968 1425012470.9260 2462 UofM_
