47491268870 -77 33174628664 1425012600.8070 2462 _
47491268868 -74 33174628661 1425012600.8070 2462 UofM_Guest_
47491268864 -77 33174628655 1425012600.8070 2462 UofM_
47491268872 -77 33174628667 1425012600.8070 2462 eduroam_
47491268873 -74 33174628700 1425012600.8070 5785 eduroam_
47491271496 -63 33182701682 1425012600.8070 2437 eduroam_
47491271494 -62 33182701676 1425012600.8070 2437 _
47491271488 -60 33182701686 1425012600.8070 2437 UofM_
47491271492 -61 33182701671 1425012600.8070 2437 UofM_Guest_
47491271497 -74 33182701704 1425012600.8070 5220 eduroam_
47491271491 -72 33182701695 1425012600.8070 5220 UofM_Secure_
47491271489 -72 33182701690 1425012600.8070 5220 UofM_
47491271493 -70 33182701699 1425012600.8070 5220 UofM_Guest_
189441481136072 -80 33174628652 1425012600.8070 2437 eduroam_
189441481136070 -84 33174628649 1425012600.8070 2437 _
47491328708 -87 33174628640 1425012600.8070 2437 UofM_Guest_
189441481136064 -81 33174628643 1425012600.8070 2437 UofM_
189441481136068 -84 33174628646 1425012600.8070 2437 UofM_Guest_
47491328704 -86 33174628638 1425012600.8070 2437 UofM_
47491268866 -71 33174628658 1425012600.8070 2462 UofM_Secure_
47491272329 -77 33174628696 1425012600.8070 5745 eduroam_
47491272323 -78 33174628688 1425012600.8070 5745 UofM_Secure_
47491328713 -78 33174628711 1425012600.8070 5785 eduroam_
47491272322 -78 33182701647 1425012600.8070 2412 UofM_Secure_
47491272328 -80 33182701661 1425012600.8070 2412 eduroam_
47489366216 -87 33174628604 1425012600.8070 2412 eduroam_
47491328709 -76 33174628706 1425012600.8070 5785 UofM_Guest_
47491272325 -77 33174628692 1425012600.8070 5745 UofM_Guest_
47491328705 -78 33174628703 1425012600.8070 5785 UofM_
47491272324 -78 33182701652 1425012600.8070 2412 UofM_Guest_
47491272326 -80 33182701656 1425012600.8070 2412 _
47491272320 -81 33182701641 1425012600.8070 2412 UofM_
47489366208 -87 33174628595 1425012600.8070 2412 UofM_
47489366212 -87 33174628598 1425012600.8070 2412 UofM_Guest_
47489366214 -89 33174628601 1425012600.8070 2412 _
189441478940488 -89 33182701666 1425012600.8070 2412 eduroam_
189441478940484 -85 33182701635 1425012600.8070 2412 UofM_Guest_
189441478940480 -86 33182701625 1425012600.8070 2412 UofM_
