47491268867 -74 33069522621 1425012491.1520 5785 UofM_Secure_
162797488891936 -86 33073083067 1425012491.1520 2437 viro-geni-2_
47491268872 -77 33069522610 1425012491.1520 2462 eduroam_
47491268873 -76 33069522630 1425012491.1520 5785 eduroam_
47491268869 -76 33069522625 1425012491.1520 5785 UofM_Guest_
47491268865 -76 33069522617 1425012491.1520 5785 UofM_
47491268868 -77 33069522604 1425012491.1520 2462 UofM_Guest_
47491268864 -78 33069522601 1425012491.1520 2462 UofM_
47492007874 -77 33073083116 1425012491.1520 2412 UofM_Secure_
47491268870 -73 33069522607 1425012491.1520 2462 _
84207466584968 -82 33073083058 1425012491.1520 2412 eduroam_
84207466584960 -80 33069522559 1425012491.1520 2412 UofM_
84207466584964 -79 33069522570 1425012491.1520 2412 UofM_Guest_
84207466584966 -80 33069522573 1425012491.1520 2412 _
84207466584962 -73 33069522566 1425012491.1520 2412 UofM_Secure_
114896623892006 -70 33073083062 1425012491.1520 2437 NAO_
47491959240 -82 33073083088 1425012491.1520 2437 eduroam_
47491268866 -83 33069522614 1425012491.1520 2462 UofM_Secure_
47491959238 -80 33069522594 1425012491.1520 2437 _
47491959236 -81 33069522591 1425012491.1520 2437 UofM_Guest_
47491959232 -81 33069522588 1425012491.1520 2437 UofM_
189441481137416 -78 33073083076 1425012491.1520 2437 eduroam_
47491460546 -79 33073083097 1425012491.1520 2462 UofM_Secure_
47491460552 -81 33073083111 1425012491.1520 2462 eduroam_
189441481137412 -78 33073083071 1425012491.1520 2437 UofM_Guest_
189441481137408 -80 33073083083 1425012491.1520 2437 UofM_
47491460548 -82 33073083102 1425012491.1520 2462 UofM_Guest_
47491460550 -83 33073083106 1425012491.1520 2462 _
47491460544 -84 33073083092 1425012491.1520 2462 UofM_
