47491272328 -90 33472748304 1425012890.9090 2412 eduroam_
47491272321 -79 33450121040 1425012890.9090 5745 UofM_
47491272324 -86 33472748297 1425012890.9090 2412 UofM_Guest_
189441481136065 -81 33453717774 1425012890.9090 5765 UofM_
189441481136072 -82 33472748340 1425012890.9090 2437 eduroam_
189441481136068 -81 33472748346 1425012890.9090 2437 UofM_Guest_
189441481136070 -85 33472748374 1425012890.9090 2437 _
47494398600 -81 33458343183 1425012890.9090 2462 eduroam_
47494398596 -79 33458343176 1425012890.9090 2462 UofM_Guest_
47494398598 -80 33458343187 1425012890.9090 2462 _
47491959236 -82 33472748312 1425012890.9090 2437 UofM_Guest_
47491959238 -84 33472748364 1425012890.9090 2437 _
47494398592 -82 33458343169 1425012890.9090 2462 UofM_
47491959240 -82 33472748369 1425012890.9090 2437 eduroam_
47491959232 -67 33458343131 1425012890.9090 2437 UofM_
47491959234 -71 33458343136 1425012890.9090 2437 UofM_Secure_
47494398594 -79 33458343173 1425012890.9090 2462 UofM_Secure_
47491271492 -77 33472748325 1425012890.9090 2437 UofM_Guest_
47491268864 -69 33472748381 1425012890.9090 2462 UofM_
47491271488 -77 33472748318 1425012890.9090 2437 UofM_
47491268873 -72 33472748445 1425012890.9090 5785 eduroam_
47491268867 -72 33472748427 1425012890.9090 5785 UofM_Secure_
47491268872 -70 33472748399 1425012890.9090 2462 eduroam_
47491271496 -77 33472748358 1425012890.9090 2437 eduroam_
47491271490 -78 33472748352 1425012890.9090 2437 UofM_Secure_
47491268871 -69 33472748453 1425012890.9090 5785 _
47491268868 -67 33472748387 1425012890.9090 2462 UofM_Guest_
47491268869 -73 33472748437 1425012890.9090 5785 UofM_Guest_
47491268870 -69 33472748393 1425012890.9090 2462 _
47491268865 -74 33472748419 1425012890.9090 5785 UofM_
47491272325 -79 33472748412 1425012890.9090 5745 UofM_Guest_
47491271494 -81 33472748332 1425012890.9090 2437 _
47491272320 -85 33472748289 1425012890.9090 2412 UofM_
