189441481136064 -64 33339012248 1425012757.0710 2437 UofM_
189441481136070 -78 33339012260 1425012757.0710 2437 _
47491272329 -63 33339012279 1425012757.0710 5745 eduroam_
189441481136073 -75 33339012294 1425012757.0710 5765 eduroam_
189441481136072 -77 33339012264 1425012757.0710 2437 eduroam_
47491272328 -77 33339012245 1425012757.0710 2412 eduroam_
189441481136069 -75 33339012290 1425012757.0710 5765 UofM_Guest_
47491272320 -77 33339012230 1425012757.0710 2412 UofM_
47491272323 -64 33339012272 1425012757.0710 5745 UofM_Secure_
47491272321 -63 33339012268 1425012757.0710 5745 UofM_
47491272325 -65 33339012275 1425012757.0710 5745 UofM_Guest_
189441481136067 -76 33339012287 1425012757.0710 5765 UofM_Secure_
189441481136071 -75 33339012298 1425012757.0710 5765 _
189441481136065 -77 33339012283 1425012757.0710 5765 UofM_
189441481136068 -77 33339012257 1425012757.0710 2437 UofM_Guest_
47491272322 -74 33339012234 1425012757.0710 2412 UofM_Secure_
189441481136066 -75 33339012252 1425012757.0710 2437 UofM_Secure_
47491272324 -77 33339012238 1425012757.0710 2412 UofM_Guest_
47491272326 -77 33339012241 1425012757.0710 2412 _
