189441481136064 -80 33335431351 1425012753.4950 2437 UofM_
189441481136070 -83 33335431343 1425012753.4950 2437 _
47491272329 -74 33335431367 1425012753.4950 5745 eduroam_
189441481136073 -77 33335431381 1425012753.4950 5765 eduroam_
189441481136072 -81 33335431347 1425012753.4950 2437 eduroam_
47491272328 -81 33335431335 1425012753.4950 2412 eduroam_
189441481136069 -79 33335431378 1425012753.4950 5765 UofM_Guest_
47491272320 -82 33335431331 1425012753.4950 2412 UofM_
47491268872 -84 33331828769 1425012753.4950 2462 eduroam_
47491268864 -83 33331828753 1425012753.4950 2462 UofM_
47491268868 -85 33331828758 1425012753.4950 2462 UofM_Guest_
47491268870 -87 33331828763 1425012753.4950 2462 _
47491272323 -74 33335431359 1425012753.4950 5745 UofM_Secure_
47491271497 -82 33331828778 1425012753.4950 5220 eduroam_
47491271490 -78 33331828705 1425012753.4950 2437 UofM_Secure_
47491271496 -81 33331828713 1425012753.4950 2437 eduroam_
47491463112 -85 33331828697 1425012753.4950 2412 eduroam_
47491272321 -75 33335431355 1425012753.4950 5745 UofM_
47491272325 -76 33335431363 1425012753.4950 5745 UofM_Guest_
47491271493 -82 33331828773 1425012753.4950 5220 UofM_Guest_
47491271492 -81 33331828709 1425012753.4950 2437 UofM_Guest_
47491271488 -82 33331828701 1425012753.4950 2437 UofM_
47491271494 -83 33331828721 1425012753.4950 2437 _
47491463108 -86 33331828692 1425012753.4950 2412 UofM_Guest_
47491463104 -88 33331828688 1425012753.4950 2412 UofM_
189441481136067 -79 33335431374 1425012753.4950 5765 UofM_Secure_
189441481136071 -79 33335431386 1425012753.4950 5765 _
189441481136065 -81 33335431370 1425012753.4950 5765 UofM_
189441481136068 -83 33335431339 1425012753.4950 2437 UofM_Guest_
