47492007872 -74 32551628261 1425011969.6900 2412 UofM_
84207466584962 -70 32541153384 1425011969.6900 2412 UofM_Secure_
84207466584968 -90 32551628257 1425011969.6900 2412 eduroam_
114896623892006 -80 32540827981 1425011969.6900 2437 NAO_
84207466584966 -88 32551628252 1425011969.6900 2412 _
84207466584964 -73 32541153388 1425011969.6900 2412 UofM_Guest_
84207466584960 -72 32541153379 1425011969.6900 2412 UofM_
189441481137412 -77 32538849040 1425011969.6900 2437 UofM_Guest_
189441481137408 -87 32540827971 1425011969.6900 2437 UofM_
47491959234 -71 32535202372 1425011969.6900 2437 UofM_Secure_
47492007880 -76 32551628272 1425011969.6900 2412 eduroam_
47492007876 -72 32551628264 1425011969.6900 2412 UofM_Guest_
47492007874 -72 32541153469 1425011969.6900 2412 UofM_Secure_
162797488891936 -71 32551628281 1425011969.6900 2437 viro-geni-2_
47491460548 -92 32540828003 1425011969.6900 2462 UofM_Guest_
211938385015619 -79 32551628288 1425011969.6900 2437 viro2_
47491268873 -66 32551628351 1425011969.6900 5785 eduroam_
47491268867 -66 32551628342 1425011969.6900 5785 UofM_Secure_
47491268872 -77 32551628298 1425011969.6900 2462 eduroam_
47491268869 -63 32551628347 1425011969.6900 5785 UofM_Guest_
47491268865 -64 32551628336 1425011969.6900 5785 UofM_
189441481137414 -82 32538849045 1425011969.6900 2437 _
47491268868 -88 32538849060 1425011969.6900 2462 UofM_Guest_
47491268870 -79 32551628294 1425011969.6900 2462 _
47491268864 -89 32538849057 1425011969.6900 2462 UofM_
47492007881 -77 32540828039 1425011969.6900 5220 eduroam_
47492007875 -78 32540828008 1425011969.6900 5220 UofM_Secure_
211938385015607 -75 32551628276 1425011969.6900 2437 HS-HOME-NET_
47492007877 -80 32540828034 1425011969.6900 5220 UofM_Guest_
47492007878 -77 32551628267 1425011969.6900 2412 _
47493331332 -86 32540827994 1425011969.6900 2462 UofM_Guest_
47493331328 -87 32540827990 1425011969.6900 2462 UofM_
47493331334 -90 32540827999 1425011969.6900 2462 _
47493331331 -79 32551628311 1425011969.6900 5180 UofM_Secure_
47493331337 -80 32551628323 1425011969.6900 5180 eduroam_
2297084420154 -78 32551628248 1425011969.6900 2412 DIRECT-_
47491268871 -67 32551628356 1425011969.6900 5785 _
47493331333 -79 32551628318 1425011969.6900 5180 UofM_Guest_
47493331335 -80 32551628330 1425011969.6900 5180 _
47493331329 -80 32551628305 1425011969.6900 5180 UofM_
