47491272320 -75 33446637954 1425012868.1840 2412 UofM_
47491272328 -85 33450121032 1425012868.1840 2412 eduroam_
47491272321 -79 33450121040 1425012868.1840 5745 UofM_
47491272324 -85 33450121022 1425012868.1840 2412 UofM_Guest_
47491272326 -84 33450121027 1425012868.1840 2412 _
189441481136073 -76 33450121113 1425012868.1840 5765 eduroam_
189441481136067 -75 33450121102 1425012868.1840 5765 UofM_Secure_
189441481136065 -76 33450121097 1425012868.1840 5765 UofM_
189441481136069 -77 33450121108 1425012868.1840 5765 UofM_Guest_
189441481136064 -73 33450121052 1425012868.1840 2437 UofM_
189441481136072 -68 33450121069 1425012868.1840 2437 eduroam_
189441481136068 -68 33450121060 1425012868.1840 2437 UofM_Guest_
189441481136070 -71 33450121065 1425012868.1840 2437 _
47491272322 -71 33446637959 1425012868.1840 2412 UofM_Secure_
47494398600 -85 33450121091 1425012868.1840 2462 eduroam_
47494398596 -82 33450121078 1425012868.1840 2462 UofM_Guest_
47494398598 -84 33450121085 1425012868.1840 2462 _
47494398594 -78 33446638007 1425012868.1840 2462 UofM_Secure_
47491959236 -84 33446638000 1425012868.1840 2437 UofM_Guest_
47491959238 -83 33450121047 1425012868.1840 2437 _
189441481136066 -71 33450121056 1425012868.1840 2437 UofM_Secure_
47494398592 -84 33450121073 1425012868.1840 2462 UofM_
