189441481136070 -82 32807529415 1425012225.5970 2437 _
189441481136067 -76 32807529484 1425012225.5970 5765 UofM_Secure_
189441481136068 -79 32807529410 1425012225.5970 2437 UofM_Guest_
47491268873 -68 32803622703 1425012225.5970 5785 eduroam_
47491268867 -70 32803622697 1425012225.5970 5785 UofM_Secure_
47491268869 -68 32803622700 1425012225.5970 5785 UofM_Guest_
47491268871 -70 32803622706 1425012225.5970 5785 _
47491268865 -71 32803622694 1425012225.5970 5785 UofM_
47491959240 -79 32804253563 1425012225.5970 2437 eduroam_
47491271496 -81 32804253571 1425012225.5970 2437 eduroam_
47491463112 -84 32807529362 1425012225.5970 2412 eduroam_
47489356168 -88 32804253547 1425012225.5970 2412 eduroam_
47491271488 -80 32804253555 1425012225.5970 2437 UofM_
47491271492 -85 32807529399 1425012225.5970 2437 UofM_Guest_
47491463104 -85 32807529341 1425012225.5970 2412 UofM_
47491959236 -85 32807529394 1425012225.5970 2437 UofM_Guest_
47491463108 -89 32807529348 1425012225.5970 2412 UofM_Guest_
47489356166 -86 32804253542 1425012225.5970 2412 _
189441481136073 -78 32807529498 1425012225.5970 5765 eduroam_
47491268866 -77 32807529443 1425012225.5970 2462 UofM_Secure_
47491268872 -81 32807529455 1425012225.5970 2462 eduroam_
189441481136072 -84 32807529421 1425012225.5970 2437 eduroam_
47494398600 -88 32807529469 1425012225.5970 2462 eduroam_
47491272328 -89 32807529388 1425012225.5970 2412 eduroam_
189441481136065 -78 32807529476 1425012225.5970 5765 UofM_
189441481136069 -78 32807529491 1425012225.5970 5765 UofM_Guest_
47491268868 -80 32807529428 1425012225.5970 2462 UofM_Guest_
47491268870 -81 32807529450 1425012225.5970 2462 _
189441481136064 -82 32807529404 1425012225.5970 2437 UofM_
47491268864 -83 32807529436 1425012225.5970 2462 UofM_
47491272320 -85 32807529368 1425012225.5970 2412 UofM_
47491272324 -86 32807529374 1425012225.5970 2412 UofM_Guest_
47494398596 -87 32807529463 1425012225.5970 2462 UofM_Guest_
47491272326 -87 32807529380 1425012225.5970 2412 _
47491463110 -88 32807529354 1425012225.5970 2412 _
