47491268865 -75 32634322411 1425012056.3250 5785 UofM_
47491268870 -86 32637816040 1425012056.3250 2462 _
47491268868 -83 32637816034 1425012056.3250 2462 UofM_Guest_
47491268872 -87 32637816045 1425012056.3250 2462 eduroam_
47491268864 -85 32637816028 1425012056.3250 2462 UofM_
189441481136073 -76 32637816064 1425012056.3250 5765 eduroam_
189441481136067 -79 32637816055 1425012056.3250 5765 UofM_Secure_
47494398600 -86 32637816024 1425012056.3250 2462 eduroam_
189441481136065 -77 32637816050 1425012056.3250 5765 UofM_
189441481136069 -76 32637816059 1425012056.3250 5765 UofM_Guest_
47491463108 -80 32638214377 1425012056.3250 2412 UofM_Guest_
47491463110 -87 32637815949 1425012056.3250 2412 _
47491463104 -80 32638214359 1425012056.3250 2412 UofM_
47491463106 -79 32638214370 1425012056.3250 2412 UofM_Secure_
47491463112 -81 32638214385 1425012056.3250 2412 eduroam_
189441481136064 -81 32638214392 1425012056.3250 2437 UofM_
189441481136068 -80 32637815987 1425012056.3250 2437 UofM_Guest_
47494398596 -84 32637816018 1425012056.3250 2462 UofM_Guest_
47491959240 -66 32638214421 1425012056.3250 2437 eduroam_
47491959234 -71 32638214407 1425012056.3250 2437 UofM_Secure_
47491959236 -67 32638214414 1425012056.3250 2437 UofM_Guest_
47491959232 -66 32638214400 1425012056.3250 2437 UofM_
