189441481136072 -84 32776872833 1425012198.4310 2437 eduroam_
189441481136064 -84 32776872813 1425012198.4310 2437 UofM_
189441481136070 -82 32776872826 1425012198.4310 2437 _
189441481136067 -74 32780266015 1425012198.4310 5765 UofM_Secure_
189441481136068 -83 32776872821 1425012198.4310 2437 UofM_Guest_
47491268872 -83 32780265995 1425012198.4310 2462 eduroam_
47491268868 -82 32780265980 1425012198.4310 2462 UofM_Guest_
47491268864 -83 32780265975 1425012198.4310 2462 UofM_
47491268873 -70 32780266084 1425012198.4310 5785 eduroam_
47491268867 -71 32780266044 1425012198.4310 5785 UofM_Secure_
189441481136073 -73 32780266026 1425012198.4310 5765 eduroam_
47491959240 -74 32780265956 1425012198.4310 2437 eduroam_
47491959234 -77 32780265969 1425012198.4310 2437 UofM_Secure_
47491268866 -78 32780266000 1425012198.4310 2462 UofM_Secure_
47494398600 -82 32780265990 1425012198.4310 2462 eduroam_
47491463112 -89 32780265937 1425012198.4310 2412 eduroam_
47491268869 -70 32780266077 1425012198.4310 5785 UofM_Guest_
47491268871 -71 32780266090 1425012198.4310 5785 _
189441481136071 -72 32780266032 1425012198.4310 5765 _
47491268865 -72 32780266038 1425012198.4310 5785 UofM_
189441481136069 -75 32780266020 1425012198.4310 5765 UofM_Guest_
189441481136065 -75 32780266009 1425012198.4310 5765 UofM_
47491959236 -74 32780265943 1425012198.4310 2437 UofM_Guest_
47491959232 -74 32780265962 1425012198.4310 2437 UofM_
47491959238 -78 32780265949 1425012198.4310 2437 _
47491268870 -83 32780266004 1425012198.4310 2462 _
47494398598 -87 32780265985 1425012198.4310 2462 _
47491463108 -87 32780265930 1425012198.4310 2412 UofM_Guest_
47491463104 -88 32780265924 1425012198.4310 2412 UofM_
