47491272320 -72 33408525871 1425012826.5850 2412 UofM_
47491272329 -71 33408525931 1425012826.5850 5745 eduroam_
47491272323 -69 33408525924 1425012826.5850 5745 UofM_Secure_
47491272328 -72 33408525882 1425012826.5850 2412 eduroam_
47491272325 -69 33408525928 1425012826.5850 5745 UofM_Guest_
47491272321 -69 33408525904 1425012826.5850 5745 UofM_
47491271488 -75 33408525886 1425012826.5850 2437 UofM_
47491271491 -74 33408525912 1425012826.5850 5220 UofM_Secure_
47491271497 -74 33408525920 1425012826.5850 5220 eduroam_
47491271489 -74 33408525908 1425012826.5850 5220 UofM_
47491271493 -74 33408525916 1425012826.5850 5220 UofM_Guest_
47491271496 -78 33408525901 1425012826.5850 2437 eduroam_
47491271490 -70 33408525890 1425012826.5850 2437 UofM_Secure_
47491271492 -75 33408525893 1425012826.5850 2437 UofM_Guest_
47491271494 -75 33408525897 1425012826.5850 2437 _
189441478940488 -88 33405043178 1425012826.5850 2412 eduroam_
189441478940484 -86 33405043183 1425012826.5850 2412 UofM_Guest_
47491272324 -71 33408525875 1425012826.5850 2412 UofM_Guest_
189441478940480 -87 33405043169 1425012826.5850 2412 UofM_
189441478940486 -90 33405043174 1425012826.5850 2412 _
47491272327 -71 33408525935 1425012826.5850 5745 _
47491272326 -71 33408525878 1425012826.5850 2412 _
