47491268867 -74 33030163867 1425012451.7530 5785 UofM_Secure_
84207466584968 -91 33030163857 1425012451.7530 2412 eduroam_
84207466584960 -89 33030163847 1425012451.7530 2412 UofM_
84207466584964 -90 33030163852 1425012451.7530 2412 UofM_Guest_
162797488891936 -66 33033691859 1425012451.7530 2437 viro-geni-2_
47492007880 -82 33033691844 1425012451.7530 2412 eduroam_
47492007872 -87 33033691826 1425012451.7530 2412 UofM_
47492007878 -84 33033691836 1425012451.7530 2412 _
47492007876 -81 33033691832 1425012451.7530 2412 UofM_Guest_
211938385015607 -66 33033691873 1425012451.7530 2437 HS-HOME-NET_
47491268873 -81 33030163927 1425012451.7530 5785 eduroam_
47493331330 -78 33030163895 1425012451.7530 2462 UofM_Secure_
211938385015055 -76 33033691865 1425012451.7530 2437 viro-geni-1_
47492007874 -79 33030163826 1425012451.7530 2412 UofM_Secure_
47493331336 -84 33030163911 1425012451.7530 2462 eduroam_
47491268869 -78 33030163921 1425012451.7530 5785 UofM_Guest_
47491268865 -80 33030163916 1425012451.7530 5785 UofM_
211938385015619 -62 33033691869 1425012451.7530 2437 viro2_
47493331334 -82 33030163906 1425012451.7530 2462 _
47493331328 -83 33030163889 1425012451.7530 2462 UofM_
47493331332 -83 33030163900 1425012451.7530 2462 UofM_Guest_
162797488891937 -68 33033691897 1425012451.7530 5765 Linksys19141_5GHz_
47493331337 -73 33033691892 1425012451.7530 5180 eduroam_
47493331331 -74 33033691882 1425012451.7530 5180 UofM_Secure_
47491269576 -78 33033691855 1425012451.7530 2412 eduroam_
2297084420154 -68 33033691849 1425012451.7530 2412 DIRECT-_
47493331329 -74 33033691877 1425012451.7530 5180 UofM_
47493331333 -74 33033691887 1425012451.7530 5180 UofM_Guest_
