47491272328 -73 32960485952 1425012378.5470 2412 eduroam_
47491272320 -72 32960485935 1425012378.5470 2412 UofM_
47491272324 -72 32960485940 1425012378.5470 2412 UofM_Guest_
47491272326 -73 32960485946 1425012378.5470 2412 _
47491272322 -69 32960485957 1425012378.5470 2412 UofM_Secure_
47491272329 -76 32960485996 1425012378.5470 5745 eduroam_
47491272323 -75 32960485987 1425012378.5470 5745 UofM_Secure_
47491272325 -76 32960485992 1425012378.5470 5745 UofM_Guest_
47491272321 -76 32960485982 1425012378.5470 5745 UofM_
189441481136073 -76 32960486020 1425012378.5470 5765 eduroam_
189441481136067 -76 32960486011 1425012378.5470 5765 UofM_Secure_
189441481136069 -76 32960486016 1425012378.5470 5765 UofM_Guest_
189441481136065 -75 32960486006 1425012378.5470 5765 UofM_
189441481136072 -65 32960485977 1425012378.5470 2437 eduroam_
189441481136068 -66 32960485967 1425012378.5470 2437 UofM_Guest_
189441481136070 -65 32960485972 1425012378.5470 2437 _
189441481136064 -66 32960485962 1425012378.5470 2437 UofM_
47491272327 -76 32960486001 1425012378.5470 5745 _
189441481136066 -62 32956943228 1425012378.5470 2437 UofM_Secure_
47491268867 -70 32960486028 1425012378.5470 5785 UofM_Secure_
47491268873 -72 32960486037 1425012378.5470 5785 eduroam_
47491268872 -84 32956943239 1425012378.5470 2462 eduroam_
47491268869 -73 32960486033 1425012378.5470 5785 UofM_Guest_
47491268865 -74 32960486024 1425012378.5470 5785 UofM_
47491268871 -77 32956943323 1425012378.5470 5785 _
47491268868 -86 32956943234 1425012378.5470 2462 UofM_Guest_
47491268864 -88 32956943246 1425012378.5470 2462 UofM_
