47491268865 -69 32650760795 1425012068.8250 5785 UofM_
47491268868 -84 32647161231 1425012068.8250 2462 UofM_Guest_
47491268872 -85 32647161237 1425012068.8250 2462 eduroam_
47491268864 -87 32647161224 1425012068.8250 2462 UofM_
189441481136073 -79 32650760791 1425012068.8250 5765 eduroam_
189441481136067 -77 32650760783 1425012068.8250 5765 UofM_Secure_
47494398600 -78 32650760773 1425012068.8250 2462 eduroam_
189441481136065 -78 32650760780 1425012068.8250 5765 UofM_
189441481136069 -78 32650760787 1425012068.8250 5765 UofM_Guest_
47491463108 -83 32650760702 1425012068.8250 2412 UofM_Guest_
47491463110 -80 32647161126 1425012068.8250 2412 _
47491463104 -83 32650760698 1425012068.8250 2412 UofM_
47491463106 -81 32650760776 1425012068.8250 2412 UofM_Secure_
47491463112 -83 32650760706 1425012068.8250 2412 eduroam_
189441481136064 -82 32647161158 1425012068.8250 2437 UofM_
189441481136068 -82 32647161181 1425012068.8250 2437 UofM_Guest_
47494398596 -75 32650760765 1425012068.8250 2462 UofM_Guest_
47491959240 -75 32650760747 1425012068.8250 2437 eduroam_
47491959234 -76 32650760754 1425012068.8250 2437 UofM_Secure_
47491959236 -74 32650760715 1425012068.8250 2437 UofM_Guest_
47491959232 -76 32650760711 1425012068.8250 2437 UofM_
189441481136072 -84 32650760758 1425012068.8250 2437 eduroam_
47491959238 -75 32650760719 1425012068.8250 2437 _
47491268873 -67 32650760805 1425012068.8250 5785 eduroam_
47491268867 -67 32650760799 1425012068.8250 5785 UofM_Secure_
47491959235 -76 32647161243 1425012068.8250 5180 UofM_Secure_
47491959241 -79 32647161265 1425012068.8250 5180 eduroam_
47494398601 -76 32650760825 1425012068.8250 5805 eduroam_
47494398595 -75 32650760816 1425012068.8250 5805 UofM_Secure_
47491268869 -70 32650760802 1425012068.8250 5785 UofM_Guest_
47491268871 -68 32650760809 1425012068.8250 5785 _
47491959237 -78 32647161251 1425012068.8250 5180 UofM_Guest_
47491959233 -79 32647161273 1425012068.8250 5180 UofM_
47494398597 -74 32650760821 1425012068.8250 5805 UofM_Guest_
47494398593 -75 32650760813 1425012068.8250 5805 UofM_
47491959239 -81 32647161258 1425012068.8250 5180 _
189441481136070 -83 32647161166 1425012068.8250 2437 _
47494398598 -76 32650760769 1425012068.8250 2462 _
47494398592 -76 32650760762 1425012068.8250 2462 UofM_
