47491268867 -74 33030163867 1425012467.3760 5785 UofM_Secure_
162797488891936 -58 33049313525 1425012467.3760 2437 viro-geni-2_
47492007880 -82 33033691844 1425012467.3760 2412 eduroam_
47492007872 -87 33036221989 1425012467.3760 2412 UofM_
47492007878 -87 33036221995 1425012467.3760 2412 _
47492007876 -81 33033691832 1425012467.3760 2412 UofM_Guest_
211938385015607 -61 33049313519 1425012467.3760 2437 HS-HOME-NET_
211938385015055 -65 33049313540 1425012467.3760 2437 viro-geni-1_
211938385015619 -55 33049313530 1425012467.3760 2437 viro2_
162797488891937 -71 33049313605 1425012467.3760 5765 Linksys19141_5GHz_
47493331337 -75 33049313567 1425012467.3760 5180 eduroam_
47493331331 -73 33049313536 1425012467.3760 5180 UofM_Secure_
47491269576 -68 33049313512 1425012467.3760 2412 eduroam_
2297084420154 -66 33036221982 1425012467.3760 2412 DIRECT-_
47493331329 -76 33049313556 1425012467.3760 5180 UofM_
47493331333 -74 33049313562 1425012467.3760 5180 UofM_Guest_
47491269570 -72 33049313494 1425012467.3760 2412 UofM_Secure_
47493331335 -73 33049313573 1425012467.3760 5180 _
47491269568 -68 33049313490 1425012467.3760 2412 UofM_
47491269574 -66 33049313507 1425012467.3760 2412 _
47491269572 -66 33049313503 1425012467.3760 2412 UofM_Guest_
47491271491 -78 33049313585 1425012467.3760 5220 UofM_Secure_
47491271497 -81 33049313598 1425012467.3760 5220 eduroam_
47493331336 -80 33049313545 1425012467.3760 2462 eduroam_
47491268872 -89 33049313551 1425012467.3760 2462 eduroam_
47491271489 -80 33049313579 1425012467.3760 5220 UofM_
47491271493 -81 33049313592 1425012467.3760 5220 UofM_Guest_
