47491272328 -68 32889631882 1425012307.6890 2412 eduroam_
47491272320 -69 32889631869 1425012307.6890 2412 UofM_
47491272324 -65 32889631873 1425012307.6890 2412 UofM_Guest_
47491272326 -66 32889631879 1425012307.6890 2412 _
47491272323 -72 32886079544 1425012307.6890 5745 UofM_Secure_
47491272322 -66 32889631885 1425012307.6890 2412 UofM_Secure_
47491272329 -71 32886079551 1425012307.6890 5745 eduroam_
47491272321 -69 32886079540 1425012307.6890 5745 UofM_
47491272325 -65 32889631888 1425012307.6890 5745 UofM_Guest_
47491271496 -84 32886079533 1425012307.6890 2437 eduroam_
47491271492 -82 32886079526 1425012307.6890 2437 UofM_Guest_
47491271488 -81 32886079523 1425012307.6890 2437 UofM_
47491271494 -81 32886079529 1425012307.6890 2437 _
47491272327 -67 32889631892 1425012307.6890 5745 _
189441481136067 -67 32889631899 1425012307.6890 5765 UofM_Secure_
189441481136073 -68 32889631906 1425012307.6890 5765 eduroam_
189441481136065 -68 32889631896 1425012307.6890 5765 UofM_
189441481136069 -70 32889631903 1425012307.6890 5765 UofM_Guest_
