189441481136070 -84 32804253551 1425012222.3220 2437 _
189441481136067 -77 32800089555 1425012222.3220 5765 UofM_Secure_
189441481136068 -83 32803622690 1425012222.3220 2437 UofM_Guest_
47491268873 -68 32803622703 1425012222.3220 5785 eduroam_
47491268867 -70 32803622697 1425012222.3220 5785 UofM_Secure_
47491268869 -68 32803622700 1425012222.3220 5785 UofM_Guest_
47491268871 -70 32803622706 1425012222.3220 5785 _
47491268865 -71 32803622694 1425012222.3220 5785 UofM_
47491959240 -79 32804253563 1425012222.3220 2437 eduroam_
47491271496 -81 32804253571 1425012222.3220 2437 eduroam_
47491463112 -84 32804253521 1425012222.3220 2412 eduroam_
47489356168 -88 32804253547 1425012222.3220 2412 eduroam_
47491271488 -80 32804253555 1425012222.3220 2437 UofM_
47491271492 -80 32804253567 1425012222.3220 2437 UofM_Guest_
47491463104 -82 32804253456 1425012222.3220 2412 UofM_
47491959236 -83 32804253559 1425012222.3220 2437 UofM_Guest_
47491463108 -83 32804253515 1425012222.3220 2412 UofM_Guest_
47489356166 -86 32804253542 1425012222.3220 2412 _
