47491959238 -70 33506798570 1425012924.8580 2437 _
47491268873 -60 33506798647 1425012924.8580 5785 eduroam_
47491268867 -57 33506798640 1425012924.8580 5785 UofM_Secure_
47491271496 -79 33506798597 1425012924.8580 2437 eduroam_
47491271490 -79 33506798615 1425012924.8580 2437 UofM_Secure_
47491268869 -60 33506798644 1425012924.8580 5785 UofM_Guest_
47491268865 -59 33506798637 1425012924.8580 5785 UofM_
47491959232 -80 33506798563 1425012924.8580 2437 UofM_
47491268872 -62 33506798608 1425012924.8580 2462 eduroam_
47491959240 -71 33506798573 1425012924.8580 2437 eduroam_
47491268871 -65 33506798667 1425012924.8580 5785 _
47491959236 -70 33506798566 1425012924.8580 2437 UofM_Guest_
47491959241 -78 33506798631 1425012924.8580 5180 eduroam_
47491959235 -78 33506798624 1425012924.8580 5180 UofM_Secure_
47491959234 -77 33506798577 1425012924.8580 2437 UofM_Secure_
47491268864 -59 33506798601 1425012924.8580 2462 UofM_
47491268868 -58 33506798604 1425012924.8580 2462 UofM_Guest_
47491268870 -60 33506798612 1425012924.8580 2462 _
47491959233 -76 33506798619 1425012924.8580 5180 UofM_
47491959237 -77 33506798627 1425012924.8580 5180 UofM_Guest_
47491271493 -79 33503138791 1425012924.8580 5220 UofM_Guest_
47491271492 -71 33503138696 1425012924.8580 2437 UofM_Guest_
47491271494 -78 33506798594 1425012924.8580 2437 _
9354243434185 -75 33506798663 1425012924.8580 5785 eduroam_
9354243434179 -75 33506798654 1425012924.8580 5785 UofM_Secure_
47491473986 -74 33506798583 1425012924.8580 2437 UofM_Secure_
47491473992 -77 33506798589 1425012924.8580 2437 eduroam_
9354243434183 -75 33506798660 1425012924.8580 5785 _
9354243434181 -76 33506798657 1425012924.8580 5785 UofM_Guest_
9354243434177 -77 33506798650 1425012924.8580 5785 UofM_
47491959239 -78 33506798634 1425012924.8580 5180 _
47491473984 -74 33506798580 1425012924.8580 2437 UofM_
47491473988 -76 33506798586 1425012924.8580 2437 UofM_Guest_
47492007872 -87 33506798559 1425012924.8580 2412 UofM_
