47491272320 -75 33374746590 1425012794.8360 2412 UofM_
47491271488 -79 33376761078 1425012794.8360 2437 UofM_
189441481136067 -78 33362505666 1425012794.8360 5765 UofM_Secure_
47491271496 -77 33376760981 1425012794.8360 2437 eduroam_
47491271492 -77 33376761114 1425012794.8360 2437 UofM_Guest_
47491271491 -79 33376761119 1425012794.8360 5220 UofM_Secure_
47491271497 -80 33376761163 1425012794.8360 5220 eduroam_
47491271490 -78 33376761108 1425012794.8360 2437 UofM_Secure_
47491271493 -82 33376761157 1425012794.8360 5220 UofM_Guest_
47491271494 -83 33376761071 1425012794.8360 2437 _
