162797488891936 -82 33139926707 1425012561.5490 2437 viro-geni-2_
47492007872 -80 33143485715 1425012561.5490 2412 UofM_
47491268870 -77 33139926758 1425012561.5490 2462 _
47491268868 -77 33139926754 1425012561.5490 2462 UofM_Guest_
47491268864 -64 33143485805 1425012561.5490 2462 UofM_
47491268872 -79 33139926763 1425012561.5490 2462 eduroam_
47491268867 -51 33143485822 1425012561.5490 5785 UofM_Secure_
47491268873 -49 33143485833 1425012561.5490 5785 eduroam_
47491268869 -51 33143485827 1425012561.5490 5785 UofM_Guest_
47491268865 -53 33143485816 1425012561.5490 5785 UofM_
47492007880 -86 33143485754 1425012561.5490 2412 eduroam_
47491268871 -50 33143485840 1425012561.5490 5785 _
47492007876 -87 33143485721 1425012561.5490 2412 UofM_Guest_
47492007878 -86 33143485748 1425012561.5490 2412 _
47492007881 -83 33139926774 1425012561.5490 5220 eduroam_
47492007875 -81 33139926777 1425012561.5490 5220 UofM_Secure_
47492007877 -82 33139926770 1425012561.5490 5220 UofM_Guest_
211938385015607 -80 33139926714 1425012561.5490 2437 HS-HOME-NET_
211938385015619 -80 33139926717 1425012561.5490 2437 viro2_
47491268866 -68 33143485811 1425012561.5490 2462 UofM_Secure_
211938385015055 -82 33139926720 1425012561.5490 2437 viro-geni-1_
114896623892006 -85 33139926710 1425012561.5490 2437 NAO_
47491269574 -87 33139926693 1425012561.5490 2412 _
47491473986 -74 33143485790 1425012561.5490 2437 UofM_Secure_
47491473992 -78 33143485800 1425012561.5490 2437 eduroam_
47491328712 -81 33143485780 1425012561.5490 2437 eduroam_
47491473984 -74 33143485785 1425012561.5490 2437 UofM_
47491473988 -76 33143485795 1425012561.5490 2437 UofM_Guest_
47491328708 -79 33143485771 1425012561.5490 2437 UofM_Guest_
47491328710 -82 33143485775 1425012561.5490 2437 _
47491959238 -86 33143485765 1425012561.5490 2437 _
47491959236 -87 33143485760 1425012561.5490 2437 UofM_Guest_
