189441481136070 -72 32823032580 1425012241.0940 2437 _
189441481136067 -74 32823032624 1425012241.0940 5765 UofM_Secure_
189441481136068 -71 32823032576 1425012241.0940 2437 UofM_Guest_
189441481136073 -76 32823032632 1425012241.0940 5765 eduroam_
47491268872 -84 32823032604 1425012241.0940 2462 eduroam_
189441481136072 -79 32823032584 1425012241.0940 2437 eduroam_
47491272328 -70 32823032554 1425012241.0940 2412 eduroam_
189441481136065 -74 32823032620 1425012241.0940 5765 UofM_
189441481136069 -75 32823032628 1425012241.0940 5765 UofM_Guest_
47491268868 -82 32823032600 1425012241.0940 2462 UofM_Guest_
189441481136064 -80 32823032568 1425012241.0940 2437 UofM_
47491268864 -83 32823032590 1425012241.0940 2462 UofM_
47491272320 -68 32823032531 1425012241.0940 2412 UofM_
47491272324 -67 32823032543 1425012241.0940 2412 UofM_Guest_
47491272326 -70 32823032549 1425012241.0940 2412 _
47491272329 -78 32823032617 1425012241.0940 5745 eduroam_
47491272323 -73 32823032559 1425012241.0940 5745 UofM_Secure_
189441481136066 -71 32823032571 1425012241.0940 2437 UofM_Secure_
47491272325 -77 32823032612 1425012241.0940 5745 UofM_Guest_
47491272321 -76 32823032609 1425012241.0940 5745 UofM_
47491272322 -71 32823032536 1425012241.0940 2412 UofM_Secure_
47491272327 -71 32814143751 1425012241.0940 5745 _
47491268873 -76 32823032655 1425012241.0940 5785 eduroam_
47491268867 -76 32823032642 1425012241.0940 5785 UofM_Secure_
47491268866 -82 32823032596 1425012241.0940 2462 UofM_Secure_
47491268865 -76 32823032636 1425012241.0940 5785 UofM_
47491268869 -77 32823032648 1425012241.0940 5785 UofM_Guest_
