47492007872 -84 33147034658 1425012565.1000 2412 UofM_
47491268870 -63 33147034684 1425012565.1000 2462 _
47491268868 -60 33147034681 1425012565.1000 2462 UofM_Guest_
47491268864 -61 33147034694 1425012565.1000 2462 UofM_
47491268872 -64 33147034689 1425012565.1000 2462 eduroam_
47491268867 -47 33147034719 1425012565.1000 5785 UofM_Secure_
47491268873 -49 33147034745 1425012565.1000 5785 eduroam_
47491268869 -48 33147034741 1425012565.1000 5785 UofM_Guest_
47491268865 -47 33147034716 1425012565.1000 5785 UofM_
47492007880 -86 33143485754 1425012565.1000 2412 eduroam_
47491268871 -50 33143485840 1425012565.1000 5785 _
47492007876 -87 33143485721 1425012565.1000 2412 UofM_Guest_
47492007878 -86 33143485748 1425012565.1000 2412 _
47491268866 -68 33143485811 1425012565.1000 2462 UofM_Secure_
47491473986 -74 33143485790 1425012565.1000 2437 UofM_Secure_
47491473992 -86 33147034626 1425012565.1000 2437 eduroam_
47491328712 -81 33143485780 1425012565.1000 2437 eduroam_
47491473984 -74 33143485785 1425012565.1000 2437 UofM_
47491473988 -76 33143485795 1425012565.1000 2437 UofM_Guest_
47491328708 -79 33143485771 1425012565.1000 2437 UofM_Guest_
47491328710 -82 33143485775 1425012565.1000 2437 _
47491959238 -79 33147034632 1425012565.1000 2437 _
47491959236 -77 33147034672 1425012565.1000 2437 UofM_Guest_
47491959241 -72 33147034708 1425012565.1000 5180 eduroam_
47491959235 -74 33147034702 1425012565.1000 5180 UofM_Secure_
47491959234 -70 33147034667 1425012565.1000 2437 UofM_Secure_
47491959240 -78 33147034676 1425012565.1000 2437 eduroam_
47491271490 -78 33147034661 1425012565.1000 2437 UofM_Secure_
47491271496 -82 33147034653 1425012565.1000 2437 eduroam_
47491959233 -70 33147034698 1425012565.1000 5180 UofM_
47491959237 -71 33147034705 1425012565.1000 5180 UofM_Guest_
47491959239 -76 33147034712 1425012565.1000 5180 _
47491959232 -79 33147034664 1425012565.1000 2437 UofM_
47491271494 -81 33147034647 1425012565.1000 2437 _
47491271488 -82 33147034637 1425012565.1000 2437 UofM_
47491271492 -83 33147034642 1425012565.1000 2437 UofM_Guest_
