47491272328 -81 32722096285 1425012143.3600 2412 eduroam_
47491272326 -82 32722096281 1425012143.3600 2412 _
47491272320 -85 32722096271 1425012143.3600 2412 UofM_
47491272324 -79 32722096276 1425012143.3600 2412 UofM_Guest_
189441481136065 -82 32722096333 1425012143.3600 5765 UofM_
189441481136069 -80 32722096327 1425012143.3600 5765 UofM_Guest_
189441481136068 -83 32725257176 1425012143.3600 2437 UofM_Guest_
189441481136072 -82 32725257184 1425012143.3600 2437 eduroam_
189441481136064 -83 32725257171 1425012143.3600 2437 UofM_
189441481136070 -83 32725257180 1425012143.3600 2437 _
47491959240 -72 32725257155 1425012143.3600 2437 eduroam_
47491959234 -75 32725257141 1425012143.3600 2437 UofM_Secure_
47491959232 -69 32725257137 1425012143.3600 2437 UofM_
47491959236 -69 32725257145 1425012143.3600 2437 UofM_Guest_
47491959238 -71 32725257149 1425012143.3600 2437 _
47491463112 -82 32725257218 1425012143.3600 2412 eduroam_
47494398592 -70 32725257188 1425012143.3600 2462 UofM_
47491463104 -85 32724890372 1425012143.3600 2412 UofM_
47491463108 -85 32724890349 1425012143.3600 2412 UofM_Guest_
47491463110 -88 32724890363 1425012143.3600 2412 _
47494398600 -71 32725257200 1425012143.3600 2462 eduroam_
47494398594 -75 32725257192 1425012143.3600 2462 UofM_Secure_
47491272002 -77 32725257163 1425012143.3600 2437 UofM_Secure_
47494398596 -70 32725257196 1425012143.3600 2462 UofM_Guest_
47494398598 -71 32725257204 1425012143.3600 2462 _
47491272004 -84 32725257167 1425012143.3600 2437 UofM_Guest_
47491272000 -87 32725257159 1425012143.3600 2437 UofM_
47491268864 -87 32725257213 1425012143.3600 2462 UofM_
