47491268867 -74 33030163867 1425012448.2270 5785 UofM_Secure_
114896623892006 -66 33009775069 1425012448.2270 2437 NAO_
84207466584968 -91 33030163857 1425012448.2270 2412 eduroam_
84207466584960 -89 33030163847 1425012448.2270 2412 UofM_
84207466584964 -90 33030163852 1425012448.2270 2412 UofM_Guest_
162797488891936 -69 33030163881 1425012448.2270 2437 viro-geni-2_
84207466584962 -75 33009775045 1425012448.2270 2412 UofM_Secure_
47492007880 -82 33030163841 1425012448.2270 2412 eduroam_
84207466584966 -78 33009775065 1425012448.2270 2412 _
47492007872 -78 33030163820 1425012448.2270 2412 UofM_
47492007878 -81 33030163861 1425012448.2270 2412 _
47492007876 -78 33030163835 1425012448.2270 2412 UofM_Guest_
47491959240 -84 33007088038 1425012448.2270 2437 eduroam_
47491460552 -77 33009775119 1425012448.2270 2462 eduroam_
189441481137414 -81 33009775099 1425012448.2270 2437 _
47491959236 -84 33007088030 1425012448.2270 2437 UofM_Guest_
47491959232 -77 33009410541 1425012448.2270 2437 UofM_
47491460544 -77 33009775104 1425012448.2270 2462 UofM_
47491959238 -86 33007088034 1425012448.2270 2437 _
47491460548 -77 33009775114 1425012448.2270 2462 UofM_Guest_
47491460550 -77 33009775124 1425012448.2270 2462 _
189441481137410 -74 33009775080 1425012448.2270 2437 UofM_Secure_
47491460546 -80 33009775109 1425012448.2270 2462 UofM_Secure_
189441481137416 -75 33009775089 1425012448.2270 2437 eduroam_
189441481137408 -79 33009775074 1425012448.2270 2437 UofM_
189441481137412 -76 33009775084 1425012448.2270 2437 UofM_Guest_
189441478786248 -87 33009775060 1425012448.2270 2412 eduroam_
211938385015607 -67 33030163872 1425012448.2270 2437 HS-HOME-NET_
47491268873 -81 33030163927 1425012448.2270 5785 eduroam_
47493331330 -78 33030163895 1425012448.2270 2462 UofM_Secure_
211938385015055 -78 33030163877 1425012448.2270 2437 viro-geni-1_
47492007874 -79 33030163826 1425012448.2270 2412 UofM_Secure_
47493331336 -84 33030163911 1425012448.2270 2462 eduroam_
47491268869 -78 33030163921 1425012448.2270 5785 UofM_Guest_
47491268865 -80 33030163916 1425012448.2270 5785 UofM_
211938385015619 -76 33030163885 1425012448.2270 2437 viro2_
47493331334 -82 33030163906 1425012448.2270 2462 _
47493331328 -83 33030163889 1425012448.2270 2462 UofM_
47493331332 -83 33030163900 1425012448.2270 2462 UofM_Guest_
