162797488891936 -78 33108870961 1425012527.4410 2437 viro-geni-2_
47492007874 -67 33109325132 1425012527.4410 2412 UofM_Secure_
84207466584968 -80 33109325167 1425012527.4410 2412 eduroam_
84207466584960 -84 33109325150 1425012527.4410 2412 UofM_
84207466584964 -79 33109325159 1425012527.4410 2412 UofM_Guest_
84207466584966 -87 33109325163 1425012527.4410 2412 _
114896623892006 -86 33108870951 1425012527.4410 2437 NAO_
189441478786244 -86 33086130077 1425012527.4410 2412 UofM_Guest_
189441478786240 -81 33086130074 1425012527.4410 2412 UofM_
189441478786246 -87 33086130080 1425012527.4410 2412 _
47492007880 -70 33109325140 1425012527.4410 2412 eduroam_
47492007872 -69 33109325128 1425012527.4410 2412 UofM_
47492007878 -75 33109325176 1425012527.4410 2412 _
47492007876 -70 33109325136 1425012527.4410 2412 UofM_Guest_
47491268870 -80 33108870920 1425012527.4410 2462 _
47491268868 -75 33109325203 1425012527.4410 2462 UofM_Guest_
47491268864 -74 33109325192 1425012527.4410 2462 UofM_
47491268872 -78 33109325207 1425012527.4410 2462 eduroam_
47491268866 -78 33109325199 1425012527.4410 2462 UofM_Secure_
47493331337 -82 33108870945 1425012527.4410 5180 eduroam_
211938385015055 -83 33108870956 1425012527.4410 2437 viro-geni-1_
47493331333 -81 33109325180 1425012527.4410 5180 UofM_Guest_
47493331334 -88 33109325220 1425012527.4410 2462 _
47493331328 -89 33109325212 1425012527.4410 2462 UofM_
47493331332 -88 33109325216 1425012527.4410 2462 UofM_Guest_
211938385015607 -74 33109325188 1425012527.4410 2437 HS-HOME-NET_
84207466584962 -80 33109325154 1425012527.4410 2412 UofM_Secure_
47491269576 -85 33109325144 1425012527.4410 2412 eduroam_
47493331336 -87 33109325224 1425012527.4410 2462 eduroam_
211938385015619 -80 33109325184 1425012527.4410 2437 viro2_
47491269572 -87 33109325172 1425012527.4410 2412 UofM_Guest_
