47491272329 -67 32704415404 1425012122.4810 5745 eduroam_
47491272321 -68 32704415390 1425012122.4810 5745 UofM_
47491272328 -63 32704415349 1425012122.4810 2412 eduroam_
47491272326 -63 32704415344 1425012122.4810 2412 _
47491272320 -60 32704415330 1425012122.4810 2412 UofM_
47491272323 -70 32704415395 1425012122.4810 5745 UofM_Secure_
47491272325 -70 32704415399 1425012122.4810 5745 UofM_Guest_
47491272324 -62 32704415338 1425012122.4810 2412 UofM_Guest_
189441481136067 -55 32704415412 1425012122.4810 5765 UofM_Secure_
189441481136073 -56 32704415420 1425012122.4810 5765 eduroam_
189441481136065 -55 32704415408 1425012122.4810 5765 UofM_
189441481136069 -55 32704415415 1425012122.4810 5765 UofM_Guest_
189441481136068 -62 32704415357 1425012122.4810 2437 UofM_Guest_
47491272322 -61 32704415334 1425012122.4810 2412 UofM_Secure_
189441481136072 -51 32704415366 1425012122.4810 2437 eduroam_
189441481136066 -58 32700890714 1425012122.4810 2437 UofM_Secure_
189441481136064 -69 32704415353 1425012122.4810 2437 UofM_
189441481136070 -62 32704415361 1425012122.4810 2437 _
47491268867 -77 32700890786 1425012122.4810 5785 UofM_Secure_
47491268869 -78 32700890792 1425012122.4810 5785 UofM_Guest_
47494398601 -81 32704415424 1425012122.4810 5805 eduroam_
47494398600 -89 32704415375 1425012122.4810 2462 eduroam_
47491268864 -86 32704415371 1425012122.4810 2462 UofM_
47494398596 -89 32704415385 1425012122.4810 2462 UofM_Guest_
47494398592 -90 32704415380 1425012122.4810 2462 UofM_
