47491268867 -74 33003597502 1425012421.6590 5785 UofM_Secure_
47491268873 -66 33000099159 1425012421.6590 5785 eduroam_
47491268869 -67 33000099155 1425012421.6590 5785 UofM_Guest_
47491268865 -68 33000099149 1425012421.6590 5785 UofM_
47491268864 -77 33003597516 1425012421.6590 2462 UofM_
47491268872 -82 33003597531 1425012421.6590 2462 eduroam_
47491268870 -82 33003597526 1425012421.6590 2462 _
47491268871 -68 33000099165 1425012421.6590 5785 _
47492007881 -72 33000099142 1425012421.6590 5220 eduroam_
47492007875 -80 33003597536 1425012421.6590 5220 UofM_Secure_
47491268866 -78 33000099093 1425012421.6590 2462 UofM_Secure_
47492007873 -72 33000099117 1425012421.6590 5220 UofM_
47492007877 -72 33000099133 1425012421.6590 5220 UofM_Guest_
47491268868 -78 33003597521 1425012421.6590 2462 UofM_Guest_
114896623892006 -77 33003597507 1425012421.6590 2437 NAO_
84207466584968 -82 33003597470 1425012421.6590 2412 eduroam_
84207466584960 -79 33003597450 1425012421.6590 2412 UofM_
84207466584964 -73 33003597460 1425012421.6590 2412 UofM_Guest_
211938385015619 -86 33003597497 1425012421.6590 2437 viro2_
162797488891936 -75 33000099039 1425012421.6590 2437 viro-geni-2_
211938385015607 -82 33003597511 1425012421.6590 2437 HS-HOME-NET_
211938385015055 -80 33000099060 1425012421.6590 2437 viro-geni-1_
84207466584962 -72 33003597455 1425012421.6590 2412 UofM_Secure_
47493331336 -87 33000099089 1425012421.6590 2462 eduroam_
47493331328 -86 33000099080 1425012421.6590 2462 UofM_
47493331332 -87 33000099085 1425012421.6590 2462 UofM_Guest_
47492007880 -76 33003597491 1425012421.6590 2412 eduroam_
84207466584966 -75 33003597464 1425012421.6590 2412 _
47492007872 -76 33003597476 1425012421.6590 2412 UofM_
47492007878 -77 33003597486 1425012421.6590 2412 _
47492007876 -79 33003597481 1425012421.6590 2412 UofM_Guest_
