47492007872 -82 32596160784 1425012017.6880 2412 UofM_
84207466584960 -85 32599625611 1425012017.6880 2412 UofM_
47492007880 -82 32596160793 1425012017.6880 2412 eduroam_
47492007876 -79 32596160787 1425012017.6880 2412 UofM_Guest_
162797488891936 -86 32599625668 1425012017.6880 2437 viro-geni-2_
47491268873 -59 32599625703 1425012017.6880 5785 eduroam_
47491268867 -59 32599625692 1425012017.6880 5785 UofM_Secure_
47491268869 -59 32599625697 1425012017.6880 5785 UofM_Guest_
47491268865 -55 32599625657 1425012017.6880 5785 UofM_
47491268870 -75 32599625672 1425012017.6880 2462 _
47492007878 -82 32596160790 1425012017.6880 2412 _
47491268868 -73 32599625683 1425012017.6880 2462 UofM_Guest_
211938385015607 -76 32599625651 1425012017.6880 2437 HS-HOME-NET_
84207466584968 -84 32599625643 1425012017.6880 2412 eduroam_
84207466584964 -85 32599625628 1425012017.6880 2412 UofM_Guest_
47491268872 -77 32599625688 1425012017.6880 2462 eduroam_
47491268864 -74 32599625675 1425012017.6880 2462 UofM_
47492007875 -81 32596160846 1425012017.6880 5220 UofM_Secure_
47492007881 -81 32596160840 1425012017.6880 5220 eduroam_
47492007877 -82 32596160851 1425012017.6880 5220 UofM_Guest_
47492007879 -81 32596160855 1425012017.6880 5220 _
47493331336 -86 32596160819 1425012017.6880 2462 eduroam_
47493331328 -86 32596160811 1425012017.6880 2462 UofM_
47493331332 -87 32596160815 1425012017.6880 2462 UofM_Guest_
47493331337 -77 32596160835 1425012017.6880 5180 eduroam_
47493331331 -78 32596160827 1425012017.6880 5180 UofM_Secure_
84207466584962 -79 32596160768 1425012017.6880 2412 UofM_Secure_
114896623892006 -87 32596160803 1425012017.6880 2437 NAO_
211938385015055 -88 32596160796 1425012017.6880 2437 viro-geni-1_
47493331333 -78 32596160831 1425012017.6880 5180 UofM_Guest_
47493331329 -79 32596160823 1425012017.6880 5180 UofM_
211938385015619 -85 32596160807 1425012017.6880 2437 viro2_
84207466584966 -87 32599625638 1425012017.6880 2412 _
47491268866 -73 32599625679 1425012017.6880 2462 UofM_Secure_
47491473986 -84 32599625661 1425012017.6880 2437 UofM_Secure_
47491269576 -90 32599625633 1425012017.6880 2412 eduroam_
2297084420154 -73 32599625607 1425012017.6880 2412 DIRECT-_
47491473988 -86 32599625665 1425012017.6880 2437 UofM_Guest_
47491269568 -90 32599625619 1425012017.6880 2412 UofM_
