47492007872 -81 32582262591 1425012000.3220 2412 UofM_
84207466584960 -85 32582262582 1425012000.3220 2412 UofM_
47492007880 -82 32582262604 1425012000.3220 2412 eduroam_
47492007876 -80 32582262597 1425012000.3220 2412 UofM_Guest_
162797488891936 -74 32582262614 1425012000.3220 2437 viro-geni-2_
47491268873 -69 32582262640 1425012000.3220 5785 eduroam_
47491268867 -69 32582262633 1425012000.3220 5785 UofM_Secure_
47491268869 -69 32582262637 1425012000.3220 5785 UofM_Guest_
47491268865 -67 32582262610 1425012000.3220 5785 UofM_
47491268870 -83 32582262624 1425012000.3220 2462 _
47492007878 -80 32582262600 1425012000.3220 2412 _
47491268871 -72 32578795038 1425012000.3220 5785 _
47491268868 -82 32582262620 1425012000.3220 2462 UofM_Guest_
47492007875 -81 32578795015 1425012000.3220 5220 UofM_Secure_
211938385015607 -79 32578795007 1425012000.3220 2437 HS-HOME-NET_
47491328712 -81 32578795003 1425012000.3220 2437 eduroam_
47492007877 -83 32578795019 1425012000.3220 5220 UofM_Guest_
47492007873 -85 32578795011 1425012000.3220 5220 UofM_
47492007874 -77 32582262594 1425012000.3220 2412 UofM_Secure_
84207466584968 -84 32582262588 1425012000.3220 2412 eduroam_
211938385015055 -86 32582262617 1425012000.3220 2437 viro-geni-1_
47493331336 -91 32582262630 1425012000.3220 2462 eduroam_
84207466584966 -84 32582262607 1425012000.3220 2412 _
84207466584964 -86 32582262585 1425012000.3220 2412 UofM_Guest_
47493331332 -88 32582262627 1425012000.3220 2462 UofM_Guest_
