162797488891936 -81 33129331484 1425012547.3950 2437 viro-geni-2_
84207466584968 -80 33129331446 1425012547.3950 2412 eduroam_
84207466584960 -80 33129331450 1425012547.3950 2412 UofM_
84207466584966 -83 33129331441 1425012547.3950 2412 _
47492007872 -77 33129331462 1425012547.3950 2412 UofM_
47491268870 -85 33129331515 1425012547.3950 2462 _
47491268868 -83 33125794075 1425012547.3950 2462 UofM_Guest_
47491268864 -81 33125794072 1425012547.3950 2462 UofM_
47491268872 -84 33129331519 1425012547.3950 2462 eduroam_
211938385015619 -75 33125794066 1425012547.3950 2437 viro2_
47491268867 -54 33129331529 1425012547.3950 5785 UofM_Secure_
47491268873 -58 33129331538 1425012547.3950 5785 eduroam_
47491473986 -74 33129331500 1425012547.3950 2437 UofM_Secure_
47491473992 -80 33129331510 1425012547.3950 2437 eduroam_
47491268869 -57 33129331533 1425012547.3950 5785 UofM_Guest_
47491268865 -58 33129331524 1425012547.3950 5785 UofM_
47491473988 -77 33129331505 1425012547.3950 2437 UofM_Guest_
47491473984 -77 33129331489 1425012547.3950 2437 UofM_
162797488891937 -80 33125794084 1425012547.3950 5765 Linksys19141_5GHz_
47492007880 -80 33129331479 1425012547.3950 2412 eduroam_
84207466584962 -78 33129331458 1425012547.3950 2412 UofM_Secure_
114896623892006 -81 33125794063 1425012547.3950 2437 NAO_
2297084420154 -76 33129331454 1425012547.3950 2412 DIRECT-_
47491268871 -66 33125794101 1425012547.3950 5785 _
47492007876 -76 33129331471 1425012547.3950 2412 UofM_Guest_
47492007878 -79 33129331476 1425012547.3950 2412 _
84207466584964 -82 33129331436 1425012547.3950 2412 UofM_Guest_
9354243434185 -77 33129331544 1425012547.3950 5785 eduroam_
47492007874 -77 33129331466 1425012547.3950 2412 UofM_Secure_
9354243434177 -82 33129331548 1425012547.3950 5785 UofM_
47491959236 -82 33129331493 1425012547.3950 2437 UofM_Guest_
