47491272320 -63 33394573500 1425012812.6310 2412 UofM_
47491272329 -75 33394573540 1425012812.6310 5745 eduroam_
47491272323 -76 33394573531 1425012812.6310 5745 UofM_Secure_
47491272328 -64 33394573511 1425012812.6310 2412 eduroam_
47491272325 -73 33394573535 1425012812.6310 5745 UofM_Guest_
47491272321 -63 33394573520 1425012812.6310 5745 UofM_
47491272324 -85 33394573516 1425012812.6310 2412 UofM_Guest_
47491272326 -63 33394573506 1425012812.6310 2412 _
189441481136073 -68 33391105690 1425012812.6310 5765 eduroam_
189441481136067 -69 33391105682 1425012812.6310 5765 UofM_Secure_
47491272327 -78 33394573544 1425012812.6310 5745 _
189441481136065 -69 33391105679 1425012812.6310 5765 UofM_
189441481136069 -71 33391105687 1425012812.6310 5765 UofM_Guest_
189441481136072 -75 33391105658 1425012812.6310 2437 eduroam_
189441481136064 -74 33391105647 1425012812.6310 2437 UofM_
189441481136068 -76 33391105653 1425012812.6310 2437 UofM_Guest_
47491271488 -83 33394573525 1425012812.6310 2437 UofM_
