47491268873 -68 33531097935 1425012949.1640 5785 eduroam_
47491268867 -69 33531097929 1425012949.1640 5785 UofM_Secure_
47491268869 -68 33531097932 1425012949.1640 5785 UofM_Guest_
47491268865 -60 33531097865 1425012949.1640 5785 UofM_
47491473984 -70 33531097888 1425012949.1640 2437 UofM_
47492007872 -80 33531097845 1425012949.1640 2412 UofM_
47492007881 -79 33531097926 1425012949.1640 5220 eduroam_
47492007875 -81 33531097920 1425012949.1640 5220 UofM_Secure_
47492007877 -78 33531097923 1425012949.1640 5220 UofM_Guest_
47492007873 -79 33531097917 1425012949.1640 5220 UofM_
47491328708 -83 33531097882 1425012949.1640 2437 UofM_Guest_
47492007880 -81 33531097856 1425012949.1640 2412 eduroam_
47491328712 -86 33531097885 1425012949.1640 2437 eduroam_
162797488891936 -79 33527625388 1425012949.1640 2437 viro-geni-2_
47491473988 -74 33531097894 1425012949.1640 2437 UofM_Guest_
47492007876 -80 33531097850 1425012949.1640 2412 UofM_Guest_
47492007878 -81 33531097853 1425012949.1640 2412 _
47491328704 -80 33531097879 1425012949.1640 2437 UofM_
47491959236 -79 33531097871 1425012949.1640 2437 UofM_Guest_
47492007874 -76 33531097847 1425012949.1640 2412 UofM_Secure_
114896623892006 -78 33527625394 1425012949.1640 2437 NAO_
211938385015607 -83 33531097900 1425012949.1640 2437 HS-HOME-NET_
84207466584968 -85 33527625380 1425012949.1640 2412 eduroam_
211938385015619 -79 33527625397 1425012949.1640 2437 viro2_
47491269568 -88 33527625383 1425012949.1640 2412 UofM_
84207466584960 -91 33531097841 1425012949.1640 2412 UofM_
84207466584964 -87 33531097862 1425012949.1640 2412 UofM_Guest_
47491269572 -90 33527625385 1425012949.1640 2412 UofM_Guest_
47491473986 -72 33531097891 1425012949.1640 2437 UofM_Secure_
47491473992 -75 33531097897 1425012949.1640 2437 eduroam_
47491268872 -75 33531097903 1425012949.1640 2462 eduroam_
47491959240 -79 33531097877 1425012949.1640 2437 eduroam_
47491268424 -90 33531097914 1425012949.1640 2462 eduroam_
47491959232 -80 33531097868 1425012949.1640 2437 UofM_
47491959238 -80 33531097874 1425012949.1640 2437 _
47491268416 -84 33531097906 1425012949.1640 2462 UofM_
47491272324 -89 33531097859 1425012949.1640 2412 UofM_Guest_
47491268420 -89 33531097909 1425012949.1640 2462 UofM_Guest_
47491268422 -89 33531097912 1425012949.1640 2462 _
