189441481136064 -73 33324638892 1425012742.7000 2437 UofM_
189441481136070 -81 33324638904 1425012742.7000 2437 _
189441481136068 -76 33324638898 1425012742.7000 2437 UofM_Guest_
189441481136065 -71 33321059416 1425012742.7000 5765 UofM_
47491272329 -76 33324638961 1425012742.7000 5745 eduroam_
47491272323 -77 33321059413 1425012742.7000 5745 UofM_Secure_
47491272321 -76 33321059410 1425012742.7000 5745 UofM_
189441481136067 -70 33321059419 1425012742.7000 5765 UofM_Secure_
189441481136073 -71 33321059425 1425012742.7000 5765 eduroam_
189441481136072 -80 33324638912 1425012742.7000 2437 eduroam_
47491272328 -70 33321059385 1425012742.7000 2412 eduroam_
189441481136069 -68 33321059422 1425012742.7000 5765 UofM_Guest_
47491272324 -69 33321059380 1425012742.7000 2412 UofM_Guest_
47491272320 -70 33321059377 1425012742.7000 2412 UofM_
47491272326 -71 33321059382 1425012742.7000 2412 _
47491268873 -74 33324638984 1425012742.7000 5785 eduroam_
47491268867 -73 33324638972 1425012742.7000 5785 UofM_Secure_
47491268872 -85 33324638954 1425012742.7000 2462 eduroam_
47491268869 -72 33324638978 1425012742.7000 5785 UofM_Guest_
47491268865 -73 33324638966 1425012742.7000 5785 UofM_
47491268871 -73 33324638989 1425012742.7000 5785 _
47491268864 -81 33324638921 1425012742.7000 2462 UofM_
47491268868 -83 33324638937 1425012742.7000 2462 UofM_Guest_
47491268870 -83 33324638946 1425012742.7000 2462 _
47491268866 -73 33324638931 1425012742.7000 2462 UofM_Secure_
