162797488891936 -88 33080285017 1425012504.3010 2437 viro-geni-2_
47492007874 -77 33076677701 1425012504.3010 2412 UofM_Secure_
84207466584968 -80 33080284996 1425012504.3010 2412 eduroam_
84207466584960 -77 33080284978 1425012504.3010 2412 UofM_
84207466584964 -80 33080284987 1425012504.3010 2412 UofM_Guest_
84207466584966 -82 33080284992 1425012504.3010 2412 _
114896623892006 -77 33086130095 1425012504.3010 2437 NAO_
47491959240 -66 33086130092 1425012504.3010 2437 eduroam_
47491959238 -63 33086130088 1425012504.3010 2437 _
47491959236 -62 33086130086 1425012504.3010 2437 UofM_Guest_
47491959232 -64 33086130083 1425012504.3010 2437 UofM_
189441481137416 -87 33080285025 1425012504.3010 2437 eduroam_
47491460546 -82 33082652487 1425012504.3010 2462 UofM_Secure_
47491460552 -87 33086130118 1425012504.3010 2462 eduroam_
47491460548 -78 33082652492 1425012504.3010 2462 UofM_Guest_
47491460550 -90 33086130115 1425012504.3010 2462 _
47491460544 -88 33086130113 1425012504.3010 2462 UofM_
47491959235 -67 33086130124 1425012504.3010 5180 UofM_Secure_
47491959241 -64 33086130130 1425012504.3010 5180 eduroam_
47491959233 -65 33086130121 1425012504.3010 5180 UofM_
47491959237 -65 33086130127 1425012504.3010 5180 UofM_Guest_
189441478786244 -86 33086130077 1425012504.3010 2412 UofM_Guest_
189441478786240 -81 33086130074 1425012504.3010 2412 UofM_
189441478786246 -87 33086130080 1425012504.3010 2412 _
47492007880 -81 33080284950 1425012504.3010 2412 eduroam_
189441478786248 -84 33082652413 1425012504.3010 2412 eduroam_
47492007872 -82 33080284937 1425012504.3010 2412 UofM_
47492007878 -83 33080284946 1425012504.3010 2412 _
47492007876 -83 33080284942 1425012504.3010 2412 UofM_Guest_
189441481137414 -88 33080285021 1425012504.3010 2437 _
47491959239 -65 33086130133 1425012504.3010 5180 _
47491268870 -87 33086130106 1425012504.3010 2462 _
47491268868 -86 33086130104 1425012504.3010 2462 UofM_Guest_
47491268864 -90 33086130101 1425012504.3010 2462 UofM_
47491959234 -66 33086130098 1425012504.3010 2437 UofM_Secure_
47491268872 -91 33086130110 1425012504.3010 2462 eduroam_
