47491272320 -66 33415459175 1425012833.5180 2412 UofM_
47491272329 -64 33415459253 1425012833.5180 5745 eduroam_
47491272323 -63 33415459238 1425012833.5180 5745 UofM_Secure_
47491272328 -65 33415459197 1425012833.5180 2412 eduroam_
47491272325 -64 33415459245 1425012833.5180 5745 UofM_Guest_
47491272321 -58 33415459204 1425012833.5180 5745 UofM_
47491271488 -82 33415459210 1425012833.5180 2437 UofM_
47491271497 -81 33411993156 1425012833.5180 5220 eduroam_
47491271493 -80 33411993153 1425012833.5180 5220 UofM_Guest_
47491271496 -81 33415459229 1425012833.5180 2437 eduroam_
47491271490 -81 33415459215 1425012833.5180 2437 UofM_Secure_
47491271492 -82 33415459220 1425012833.5180 2437 UofM_Guest_
47491271494 -81 33415459224 1425012833.5180 2437 _
47491272324 -63 33415459181 1425012833.5180 2412 UofM_Guest_
47491272327 -62 33415459258 1425012833.5180 5745 _
47491272326 -66 33415459190 1425012833.5180 2412 _
189441481136073 -73 33415459305 1425012833.5180 5765 eduroam_
189441481136067 -73 33415459276 1425012833.5180 5765 UofM_Secure_
189441481136065 -70 33415459266 1425012833.5180 5765 UofM_
189441481136069 -72 33415459290 1425012833.5180 5765 UofM_Guest_
189441481136071 -74 33415459322 1425012833.5180 5765 _
189441481136064 -90 33415459233 1425012833.5180 2437 UofM_
