47492007880 -80 3853492048 1424983271.5530 2412 eduroam_
47492007878 -79 3853492045 1424983271.5530 2412 _
47491268867 -74 3844899300 1424983271.5530 5785 UofM_Secure_
47491959240 -82 3853492066 1424983271.5530 2437 eduroam_
84207466584964 -78 3853491998 1424983271.5530 2412 UofM_Guest_
47491959232 -82 3853492054 1424983271.5530 2437 UofM_
47491959236 -77 3853492081 1424983271.5530 2437 UofM_Guest_
84207466584966 -81 3853492024 1424983271.5530 2412 _
47491959238 -80 3853492084 1424983271.5530 2437 _
114896623892006 -66 3853492057 1424983271.5530 2437 NAO_
189441481137414 -79 3853492060 1424983271.5530 2437 _
189441481137416 -82 3853492063 1424983271.5530 2437 eduroam_
84207466584960 -82 3853491990 1424983271.5530 2412 UofM_
189441481137412 -78 3853492079 1424983271.5530 2437 UofM_Guest_
47491959235 -79 3853492118 1424983271.5530 5180 UofM_Secure_
47491959241 -80 3853492128 1424983271.5530 5180 eduroam_
84207466584962 -79 3853491994 1424983271.5530 2412 UofM_Secure_
84207466584968 -79 3853492029 1424983271.5530 2412 eduroam_
47491460552 -80 3853492111 1424983271.5530 2462 eduroam_
162797488891936 -81 3853492073 1424983271.5530 2437 viro-geni-2_
211938385015055 -88 3853492051 1424983271.5530 2437 viro-geni-1_
47491268872 -90 3853492096 1424983271.5530 2462 eduroam_
47491959239 -79 3853492125 1424983271.5530 5180 _
47491959237 -79 3853492121 1424983271.5530 5180 UofM_Guest_
47491959233 -81 3853492114 1424983271.5530 5180 UofM_
47491460548 -81 3853492105 1424983271.5530 2462 UofM_Guest_
47491460544 -81 3853492102 1424983271.5530 2462 UofM_
189441481137408 -82 3853492076 1424983271.5530 2437 UofM_
47491460550 -83 3853492108 1424983271.5530 2462 _
47492007876 -84 3853492040 1424983271.5530 2412 UofM_Guest_
47491268864 -85 3853492087 1424983271.5530 2462 UofM_
47491268868 -86 3853492090 1424983271.5530 2462 UofM_Guest_
189441478786240 -87 3853492033 1424983271.5530 2412 UofM_
189441478786244 -87 3853492036 1424983271.5530 2412 UofM_Guest_
47491268870 -88 3853492093 1424983271.5530 2462 _
47493331328 -90 3853492099 1424983271.5530 2462 UofM_
