47491959240 -75 3910570606 1424983328.6320 2437 eduroam_
47491959232 -74 3910570602 1424983328.6320 2437 UofM_
47491959236 -66 3907001508 1424983328.6320 2437 UofM_Guest_
47491959238 -65 3907001511 1424983328.6320 2437 _
47491959235 -78 3910570585 1424983328.6320 5180 UofM_Secure_
47491959241 -76 3907001542 1424983328.6320 5180 eduroam_
47491959237 -77 3907001539 1424983328.6320 5180 UofM_Guest_
47491959233 -75 3907001533 1424983328.6320 5180 UofM_
189441478786248 -83 3907001495 1424983328.6320 2412 eduroam_
114896623892006 -80 3910570589 1424983328.6320 2437 NAO_
189441478786246 -81 3910570580 1424983328.6320 2412 _
47491959234 -66 3907001504 1424983328.6320 2437 UofM_Secure_
189441478786240 -81 3910570572 1424983328.6320 2412 UofM_
47491460546 -65 3910570615 1424983328.6320 2462 UofM_Secure_
47491460552 -70 3910570624 1424983328.6320 2462 eduroam_
47491460548 -70 3910570619 1424983328.6320 2462 UofM_Guest_
47491460550 -85 3907001520 1424983328.6320 2462 _
47491460544 -71 3910570610 1424983328.6320 2462 UofM_
189441478786244 -81 3910570576 1424983328.6320 2412 UofM_Guest_
47491460547 -81 3910570634 1424983328.6320 5240 UofM_Secure_
84207466584962 -79 3910570555 1424983328.6320 2412 UofM_Secure_
84207466584968 -80 3910570568 1424983328.6320 2412 eduroam_
189441481137416 -82 3910570598 1424983328.6320 2437 eduroam_
47491460545 -82 3910570629 1424983328.6320 5240 UofM_
84207466584960 -78 3910570551 1424983328.6320 2412 UofM_
47491460549 -83 3910570640 1424983328.6320 5240 UofM_Guest_
84207466584964 -79 3910570560 1424983328.6320 2412 UofM_Guest_
84207466584966 -79 3910570564 1424983328.6320 2412 _
189441481137414 -83 3910570593 1424983328.6320 2437 _
