189441481136070 -70 4021356985 1424983439.4170 2437 _
189441481136072 -75 4021356990 1424983439.4170 2437 eduroam_
189441481136064 -69 4017769786 1424983439.4170 2437 UofM_
189441481136067 -66 4021356974 1424983439.4170 5765 UofM_Secure_
189441481136073 -68 4021357072 1424983439.4170 5765 eduroam_
189441481136065 -67 4021357061 1424983439.4170 5765 UofM_
189441481136069 -68 4021357066 1424983439.4170 5765 UofM_Guest_
189441481136068 -82 4021356980 1424983439.4170 2437 UofM_Guest_
47491272328 -52 4021356969 1424983439.4170 2412 eduroam_
47491272324 -53 4021356958 1424983439.4170 2412 UofM_Guest_
47491272320 -54 4021356944 1424983439.4170 2412 UofM_
47491272326 -53 4021356964 1424983439.4170 2412 _
47491272329 -52 4021357048 1424983439.4170 5745 eduroam_
47491272323 -52 4021357034 1424983439.4170 5745 UofM_Secure_
189441481136066 -71 4017769803 1424983439.4170 2437 UofM_Secure_
47491272325 -51 4021357039 1424983439.4170 5745 UofM_Guest_
47491272321 -51 4021356996 1424983439.4170 5745 UofM_
47491272322 -52 4021356951 1424983439.4170 2412 UofM_Secure_
47491272327 -54 4021357053 1424983439.4170 5745 _
