47491268867 -79 3983937188 1424983408.4420 5785 UofM_Secure_
47491959240 -83 3990288604 1424983408.4420 2437 eduroam_
47491959232 -82 3990288617 1424983408.4420 2437 UofM_
47491959238 -86 3990288638 1424983408.4420 2437 _
47491463110 -83 3986808586 1424983408.4420 2412 _
47491463108 -81 3986808578 1424983408.4420 2412 UofM_Guest_
47491959236 -81 3990288630 1424983408.4420 2437 UofM_Guest_
47491959237 -75 3983937174 1424983408.4420 5180 UofM_Guest_
47491959233 -76 3983937161 1424983408.4420 5180 UofM_
47491959235 -76 3983937168 1424983408.4420 5180 UofM_Secure_
47491959241 -76 3983937181 1424983408.4420 5180 eduroam_
47491463106 -77 3986808566 1424983408.4420 2412 UofM_Secure_
47491463112 -79 3986808592 1424983408.4420 2412 eduroam_
47491463104 -80 3986808599 1424983408.4420 2412 UofM_
189441481136070 -78 3990288656 1424983408.4420 2437 _
47491959234 -81 3990288623 1424983408.4420 2437 UofM_Secure_
189441481136072 -76 3990288662 1424983408.4420 2437 eduroam_
189441481136064 -79 3990288644 1424983408.4420 2437 UofM_
189441481136067 -72 3990288685 1424983408.4420 5765 UofM_Secure_
189441481136073 -75 3990288701 1424983408.4420 5765 eduroam_
189441481136066 -71 3990288651 1424983408.4420 2437 UofM_Secure_
47494398600 -90 3990288673 1424983408.4420 2462 eduroam_
189441481136065 -71 3990288678 1424983408.4420 5765 UofM_
189441481136069 -71 3990288692 1424983408.4420 5765 UofM_Guest_
189441481136071 -72 3990288708 1424983408.4420 5765 _
189441481136068 -78 3990288611 1424983408.4420 2437 UofM_Guest_
47494398596 -90 3990288667 1424983408.4420 2462 UofM_Guest_
