47491269570 -64 3818918331 1424983236.9810 2412 UofM_Secure_
211938385015607 -55 3818918368 1424983236.9810 2437 HS-HOME-NET_
162797488891936 -50 3818918357 1424983236.9810 2437 viro-geni-2_
162797488891937 -70 3818918485 1424983236.9810 5765 Linksys19141_5GHz_
211938385015055 -59 3818918374 1424983236.9810 2437 viro-geni-1_
47491269576 -65 3818918346 1424983236.9810 2412 eduroam_
47491269571 -78 3818918458 1424983236.9810 5220 UofM_Secure_
47491269577 -77 3818918470 1424983236.9810 5220 eduroam_
2297084420154 -67 3818918351 1424983236.9810 2412 DIRECT-_
211938385015619 -56 3818918363 1424983236.9810 2437 viro2_
47491269568 -66 3818918325 1424983236.9810 2412 UofM_
47491269572 -65 3818918336 1424983236.9810 2412 UofM_Guest_
47491269573 -78 3818918464 1424983236.9810 5220 UofM_Guest_
47491269569 -80 3818918452 1424983236.9810 5220 UofM_
47493331337 -67 3818918445 1424983236.9810 5180 eduroam_
47493331331 -66 3818918433 1424983236.9810 5180 UofM_Secure_
47493331329 -68 3818918426 1424983236.9810 5180 UofM_
47493331333 -67 3818918440 1424983236.9810 5180 UofM_Guest_
47493331336 -69 3818918401 1424983236.9810 2462 eduroam_
47493331328 -67 3818918379 1424983236.9810 2462 UofM_
47493331332 -80 3818918385 1424983236.9810 2462 UofM_Guest_
47493331334 -66 3818918390 1424983236.9810 2462 _
47491268424 -87 3818918419 1424983236.9810 2462 eduroam_
47491269575 -75 3818918477 1424983236.9810 5220 _
47491268420 -87 3818918406 1424983236.9810 2462 UofM_Guest_
47491268422 -86 3818918412 1424983236.9810 2462 _
47491271496 -85 3815275460 1424983236.9810 2437 eduroam_
47491271488 -81 3815275446 1424983236.9810 2437 UofM_
47491271494 -85 3815275456 1424983236.9810 2437 _
47491269574 -68 3818918341 1424983236.9810 2412 _
