47491268867 -79 4750509993 1424984172.0690 5785 UofM_Secure_
47491268873 -79 4750510034 1424984172.0690 5785 eduroam_
47491268865 -78 4754008431 1424984172.0690 5785 UofM_
47491268869 -79 4750509999 1424984172.0690 5785 UofM_Guest_
47492007881 -72 4750509983 1424984172.0690 5220 eduroam_
47492007875 -72 4750509976 1424984172.0690 5220 UofM_Secure_
211938385015607 -80 4750509913 1424984172.0690 2437 HS-HOME-NET_
162797488891936 -74 4750509917 1424984172.0690 2437 viro-geni-2_
47492007873 -75 4750509971 1424984172.0690 5220 UofM_
47492007877 -73 4750509980 1424984172.0690 5220 UofM_Guest_
211938385015619 -81 4750509909 1424984172.0690 2437 viro2_
84207466584964 -74 4754008358 1424984172.0690 2412 UofM_Guest_
84207466584968 -75 4754008362 1424984172.0690 2412 eduroam_
47492007872 -77 4754008366 1424984172.0690 2412 UofM_
47492007876 -77 4754008375 1424984172.0690 2412 UofM_Guest_
47492007878 -80 4754008381 1424984172.0690 2412 _
84207466584960 -70 4754008349 1424984172.0690 2412 UofM_
84207466584966 -80 4754008393 1424984172.0690 2412 _
47491268872 -75 4750509948 1424984172.0690 2462 eduroam_
47491268864 -74 4750509935 1424984172.0690 2462 UofM_
47491268868 -75 4750509940 1424984172.0690 2462 UofM_Guest_
47491268870 -77 4750509943 1424984172.0690 2462 _
47491959240 -82 4750509922 1424984172.0690 2437 eduroam_
47492007879 -74 4750509987 1424984172.0690 5220 _
47492007880 -78 4754008386 1424984172.0690 2412 eduroam_
47493331336 -85 4750509967 1424984172.0690 2462 eduroam_
47493331332 -81 4750509957 1424984172.0690 2462 UofM_Guest_
47493331328 -84 4750509953 1424984172.0690 2462 UofM_
47493331334 -85 4750509962 1424984172.0690 2462 _
9354243434182 -92 4750509927 1424984172.0690 2437 _
84207466584962 -70 4754008353 1424984172.0690 2412 UofM_Secure_
114896623892006 -74 4754008398 1424984172.0690 2437 NAO_
47492007874 -77 4754008371 1424984172.0690 2412 UofM_Secure_
47491460546 -81 4754008426 1424984172.0690 2462 UofM_Secure_
47491460552 -81 4754008404 1424984172.0690 2462 eduroam_
47491460548 -81 4754008417 1424984172.0690 2462 UofM_Guest_
47491460550 -82 4754008421 1424984172.0690 2462 _
47491460544 -83 4754008410 1424984172.0690 2462 UofM_
