47491959240 -70 4232505144 1424983650.5680 2437 eduroam_
47491959236 -69 4232505152 1424983650.5680 2437 UofM_Guest_
47491959238 -71 4232505138 1424983650.5680 2437 _
47491959232 -78 4232505133 1424983650.5680 2437 UofM_
47494398600 -89 4232505171 1424983650.5680 2462 eduroam_
47491463112 -84 4228701474 1424983650.5680 2412 eduroam_
47494398596 -88 4232505162 1424983650.5680 2462 UofM_Guest_
47494398598 -91 4232505167 1424983650.5680 2462 _
47491463110 -80 4228701470 1424983650.5680 2412 _
47491959234 -66 4232505114 1424983650.5680 2437 UofM_Secure_
47491268873 -55 4232505237 1424983650.5680 5785 eduroam_
47491268867 -54 4232505227 1424983650.5680 5785 UofM_Secure_
47491271491 -74 4232505209 1424983650.5680 5220 UofM_Secure_
47491271497 -74 4232505218 1424983650.5680 5220 eduroam_
47491268865 -54 4232505222 1424983650.5680 5785 UofM_
47491268869 -54 4232505231 1424983650.5680 5785 UofM_Guest_
47494398592 -87 4232505157 1424983650.5680 2462 UofM_
47491271489 -71 4232505203 1424983650.5680 5220 UofM_
47491271493 -70 4232505213 1424983650.5680 5220 UofM_Guest_
47491271488 -79 4232505118 1424983650.5680 2437 UofM_
47489366216 -82 4228701499 1424983650.5680 2412 eduroam_
47492007880 -88 4228701491 1424983650.5680 2412 eduroam_
189441478786248 -88 4228701457 1424983650.5680 2412 eduroam_
47491463108 -80 4228701465 1424983650.5680 2412 UofM_Guest_
47491463104 -81 4228701461 1424983650.5680 2412 UofM_
47489366208 -83 4228701495 1424983650.5680 2412 UofM_
47492007872 -87 4228701478 1424983650.5680 2412 UofM_
47492007878 -88 4228701487 1424983650.5680 2412 _
47492007876 -88 4228701483 1424983650.5680 2412 UofM_Guest_
47491959235 -68 4232505182 1424983650.5680 5180 UofM_Secure_
47491959241 -70 4232505192 1424983650.5680 5180 eduroam_
47491271496 -80 4232505129 1424983650.5680 2437 eduroam_
47491959237 -68 4232505187 1424983650.5680 5180 UofM_Guest_
47491959233 -69 4232505176 1424983650.5680 5180 UofM_
47491959239 -74 4232505198 1424983650.5680 5180 _
47491271494 -73 4232505148 1424983650.5680 2437 _
47491271492 -78 4232505123 1424983650.5680 2437 UofM_Guest_
