47491272326 -72 4578119822 1424983996.1800 2412 _
189441481136070 -71 4578119844 1424983996.1800 2437 _
189441481136065 -75 4578119811 1424983996.1800 5765 UofM_
189441481136064 -73 4578119828 1424983996.1800 2437 UofM_
47491272320 -69 4578119815 1424983996.1800 2412 UofM_
47491272329 -72 4574403337 1424983996.1800 5745 eduroam_
47491268866 -83 4578119862 1424983996.1800 2462 UofM_Secure_
47491272323 -74 4574403320 1424983996.1800 5745 UofM_Secure_
47491268872 -84 4578119871 1424983996.1800 2462 eduroam_
47494398600 -90 4578119853 1424983996.1800 2462 eduroam_
47491272321 -74 4574403311 1424983996.1800 5745 UofM_
47491268868 -84 4578119867 1424983996.1800 2462 UofM_Guest_
47491272325 -73 4574403328 1424983996.1800 5745 UofM_Guest_
47491268864 -81 4578119858 1424983996.1800 2462 UofM_
47491268870 -83 4578119849 1424983996.1800 2462 _
47494398592 -86 4574403296 1424983996.1800 2462 UofM_
189441481136068 -72 4578119836 1424983996.1800 2437 UofM_Guest_
189441481136072 -73 4578119841 1424983996.1800 2437 eduroam_
47491268867 -68 4578119881 1424983996.1800 5785 UofM_Secure_
47491268873 -66 4578119889 1424983996.1800 5785 eduroam_
189441481136067 -76 4574403351 1424983996.1800 5765 UofM_Secure_
189441481136073 -77 4574403364 1424983996.1800 5765 eduroam_
47491268865 -66 4578119875 1424983996.1800 5785 UofM_
47491268869 -68 4578119884 1424983996.1800 5785 UofM_Guest_
189441481136069 -77 4574403357 1424983996.1800 5765 UofM_Guest_
47491272328 -71 4578119825 1424983996.1800 2412 eduroam_
47491268871 -68 4578119893 1424983996.1800 5785 _
47491272324 -71 4578119819 1424983996.1800 2412 UofM_Guest_
