47491272323 -77 4111905192 1424983530.0860 5745 UofM_Secure_
189441481136068 -86 4108484553 1424983530.0860 2437 UofM_Guest_
189441481136072 -85 4108484562 1424983530.0860 2437 eduroam_
189441481136064 -85 4108484544 1424983530.0860 2437 UofM_
47491268867 -72 4108484577 1424983530.0860 5785 UofM_Secure_
47491268873 -73 4108484591 1424983530.0860 5785 eduroam_
47491268865 -80 4111905204 1424983530.0860 5785 UofM_
47491268869 -72 4108484585 1424983530.0860 5785 UofM_Guest_
47491268871 -72 4108484600 1424983530.0860 5785 _
47491272329 -79 4111905200 1424983530.0860 5745 eduroam_
47491268866 -82 4111905172 1424983530.0860 2462 UofM_Secure_
47491271490 -82 4111905142 1424983530.0860 2437 UofM_Secure_
47494398600 -83 4111905168 1424983530.0860 2462 eduroam_
47491271496 -83 4111905131 1424983530.0860 2437 eduroam_
47491268872 -84 4111905182 1424983530.0860 2462 eduroam_
47491272321 -79 4111905186 1424983530.0860 5745 UofM_
47491272325 -80 4111905196 1424983530.0860 5745 UofM_Guest_
47491268864 -78 4111905154 1424983530.0860 2462 UofM_
47491268868 -78 4111905175 1424983530.0860 2462 UofM_Guest_
47491268870 -82 4111905179 1424983530.0860 2462 _
47491271492 -83 4111905146 1424983530.0860 2437 UofM_Guest_
47491271488 -83 4111905137 1424983530.0860 2437 UofM_
47491271494 -84 4111905150 1424983530.0860 2437 _
47494398592 -85 4111905157 1424983530.0860 2462 UofM_
47494398598 -85 4111905164 1424983530.0860 2462 _
47494398596 -85 4111905161 1424983530.0860 2462 UofM_Guest_
47491272326 -86 4111905121 1424983530.0860 2412 _
47491272320 -87 4111905111 1424983530.0860 2412 UofM_
47489366212 -87 4111905126 1424983530.0860 2412 UofM_Guest_
47491272324 -88 4111905116 1424983530.0860 2412 UofM_Guest_
