47491959240 -63 3874777197 1424983292.8340 2437 eduroam_
47491959232 -59 3874777201 1424983292.8340 2437 UofM_
47491959236 -61 3874777210 1424983292.8340 2437 UofM_Guest_
47491959238 -62 3874777193 1424983292.8340 2437 _
114896623892006 -91 3871195235 1424983292.8340 2437 NAO_
47491959235 -64 3874777214 1424983292.8340 5180 UofM_Secure_
47491959241 -67 3874777225 1424983292.8340 5180 eduroam_
47491959237 -66 3874777222 1424983292.8340 5180 UofM_Guest_
47491959233 -67 3874777218 1424983292.8340 5180 UofM_
47491959234 -63 3874777205 1424983292.8340 2437 UofM_Secure_
9608971665516 -82 3874777189 1424983292.8340 2412 UNITE-C06C_
47491463110 -84 3874777186 1424983292.8340 2412 _
47491463108 -84 3874777181 1424983292.8340 2412 UofM_Guest_
47491463104 -85 3874777178 1424983292.8340 2412 UofM_
