47491268873 -71 4260806767 1424983682.4840 5785 eduroam_
47491268867 -70 4260806760 1424983682.4840 5785 UofM_Secure_
47491268865 -71 4260806757 1424983682.4840 5785 UofM_
47491268869 -69 4260806764 1424983682.4840 5785 UofM_Guest_
47491268872 -72 4264421279 1424983682.4840 2462 eduroam_
47491268866 -76 4264421265 1424983682.4840 2462 UofM_Secure_
47491268864 -69 4264421268 1424983682.4840 2462 UofM_
47491268870 -71 4264421275 1424983682.4840 2462 _
47492007880 -79 4264421231 1424983682.4840 2412 eduroam_
47492007876 -78 4264421224 1424983682.4840 2412 UofM_Guest_
47492007878 -79 4264421227 1424983682.4840 2412 _
47491268868 -68 4264421272 1424983682.4840 2462 UofM_Guest_
47492007881 -77 4264421314 1424983682.4840 5220 eduroam_
47492007875 -80 4264421306 1424983682.4840 5220 UofM_Secure_
211938385015607 -77 4264421257 1424983682.4840 2437 HS-HOME-NET_
47492007877 -79 4264421310 1424983682.4840 5220 UofM_Guest_
47492007879 -77 4264421318 1424983682.4840 5220 _
47492007873 -82 4264421303 1424983682.4840 5220 UofM_
47491473992 -83 4264421253 1424983682.4840 2437 eduroam_
162797488891936 -70 4264421238 1424983682.4840 2437 viro-geni-2_
47493331337 -78 4264421294 1424983682.4840 5180 eduroam_
47493331331 -79 4264421287 1424983682.4840 5180 UofM_Secure_
47493331330 -78 4260806728 1424983682.4840 2462 UofM_Secure_
47493331333 -79 4264421291 1424983682.4840 5180 UofM_Guest_
47493331329 -79 4264421283 1424983682.4840 5180 UofM_
47493331334 -84 4260806734 1424983682.4840 2462 _
47493331332 -84 4260806731 1424983682.4840 2462 UofM_Guest_
84207466584964 -84 4260806700 1424983682.4840 2412 UofM_Guest_
47491959238 -85 4260806712 1424983682.4840 2437 _
162797488891937 -74 4264421322 1424983682.4840 5765 Linksys19141_5GHz_
47491269576 -84 4264421217 1424983682.4840 2412 eduroam_
211938385015055 -87 4264421260 1424983682.4840 2437 viro-geni-1_
211938385015619 -66 4264421235 1424983682.4840 2437 viro2_
47493331335 -77 4264421299 1424983682.4840 5180 _
47492007872 -78 4264421220 1424983682.4840 2412 UofM_
47491269568 -81 4264421205 1424983682.4840 2412 UofM_
47491473984 -82 4264421242 1424983682.4840 2437 UofM_
47491269574 -83 4264421213 1424983682.4840 2412 _
47491269572 -84 4264421209 1424983682.4840 2412 UofM_Guest_
47491473988 -84 4264421246 1424983682.4840 2437 UofM_Guest_
47491473990 -85 4264421250 1424983682.4840 2437 _
