189441481136064 -76 4698721923 1424984116.7850 2437 UofM_
47494398600 -75 4698721957 1424984116.7850 2462 eduroam_
47491463112 -81 4694784108 1424984116.7850 2412 eduroam_
47494398596 -74 4698721947 1424984116.7850 2462 UofM_Guest_
47494398598 -76 4698721952 1424984116.7850 2462 _
47491463104 -83 4698721918 1424984116.7850 2412 UofM_
47494398592 -75 4698721942 1424984116.7850 2462 UofM_
47491268867 -54 4698721973 1424984116.7850 5785 UofM_Secure_
47491268873 -56 4698721984 1424984116.7850 5785 eduroam_
47491271496 -78 4694784128 1424984116.7850 2437 eduroam_
47491268865 -55 4698721967 1424984116.7850 5785 UofM_
47491268869 -56 4698721978 1424984116.7850 5785 UofM_Guest_
47491271492 -82 4698721932 1424984116.7850 2437 UofM_Guest_
47491271488 -78 4694784114 1424984116.7850 2437 UofM_
47494398594 -76 4698721962 1424984116.7850 2462 UofM_Secure_
47491268866 -71 4694784196 1424984116.7850 2462 UofM_Secure_
47491268872 -79 4694784176 1424984116.7850 2462 eduroam_
47491271490 -82 4694784137 1424984116.7850 2437 UofM_Secure_
47491268868 -77 4694784202 1424984116.7850 2462 UofM_Guest_
47491268870 -78 4694784169 1424984116.7850 2462 _
47491268864 -79 4694784162 1424984116.7850 2462 UofM_
47491271494 -82 4698721937 1424984116.7850 2437 _
189441481136068 -83 4698721928 1424984116.7850 2437 UofM_Guest_
