47491959240 -65 3892696508 1424983310.7540 2437 eduroam_
47491959232 -65 3892696497 1424983310.7540 2437 UofM_
47491959236 -63 3892696501 1424983310.7540 2437 UofM_Guest_
47491959238 -63 3892696504 1424983310.7540 2437 _
47491959235 -60 3892696512 1424983310.7540 5180 UofM_Secure_
47491959241 -61 3892696527 1424983310.7540 5180 eduroam_
47491959237 -64 3892696523 1424983310.7540 5180 UofM_Guest_
47491959233 -63 3892696519 1424983310.7540 5180 UofM_
9608971665516 -90 3892696489 1424983310.7540 2412 UNITE-C06C_
189441478786248 -85 3889163176 1424983310.7540 2412 eduroam_
47491463112 -83 3892696486 1424983310.7540 2412 eduroam_
114896623892006 -83 3892696515 1424983310.7540 2437 NAO_
189441478786246 -87 3892696494 1424983310.7540 2412 _
47491463106 -80 3889163189 1424983310.7540 2412 UofM_Secure_
47491463110 -82 3889163183 1424983310.7540 2412 _
47491463108 -84 3892696482 1424983310.7540 2412 UofM_Guest_
47494398596 -85 3889163210 1424983310.7540 2462 UofM_Guest_
47491268873 -76 3892696552 1424983310.7540 5785 eduroam_
47491268867 -79 3892696538 1424983310.7540 5785 UofM_Secure_
47491959239 -65 3892696531 1424983310.7540 5180 _
47491268869 -77 3892696542 1424983310.7540 5785 UofM_Guest_
47491268865 -80 3892696534 1424983310.7540 5785 UofM_
