47491268864 -87 4268007508 1424983689.6560 2462 UofM_
47492007880 -87 4271477716 1424983689.6560 2412 eduroam_
47492007876 -86 4271477768 1424983689.6560 2412 UofM_Guest_
47492007878 -85 4271477710 1424983689.6560 2412 _
211938385015607 -64 4271477787 1424983689.6560 2437 HS-HOME-NET_
162797488891936 -64 4271477781 1424983689.6560 2437 viro-geni-2_
47493331337 -70 4271477854 1424983689.6560 5180 eduroam_
47493331331 -68 4271477839 1424983689.6560 5180 UofM_Secure_
47493331330 -70 4271477825 1424983689.6560 2462 UofM_Secure_
47493331333 -69 4271477847 1424983689.6560 5180 UofM_Guest_
47493331329 -71 4271477831 1424983689.6560 5180 UofM_
47493331334 -71 4271477812 1424983689.6560 2462 _
47493331332 -71 4271477806 1424983689.6560 2462 UofM_Guest_
162797488891937 -65 4271477861 1424983689.6560 5765 Linksys19141_5GHz_
211938385015055 -69 4271477793 1424983689.6560 2437 viro-geni-1_
211938385015619 -61 4271477774 1424983689.6560 2437 viro2_
47492007872 -85 4271477762 1424983689.6560 2412 UofM_
47491269568 -71 4271477730 1424983689.6560 2412 UofM_
47493331336 -73 4271477819 1424983689.6560 2462 eduroam_
114896623892006 -85 4268007502 1424983689.6560 2437 NAO_
2297084420154 -73 4271477723 1424983689.6560 2412 DIRECT-_
47493331328 -72 4271477799 1424983689.6560 2462 UofM_
47491269576 -74 4271477756 1424983689.6560 2412 eduroam_
47491269570 -77 4271477737 1424983689.6560 2412 UofM_Secure_
47491269572 -71 4271477743 1424983689.6560 2412 UofM_Guest_
47491269574 -74 4271477749 1424983689.6560 2412 _
