47491272324 -68 4499406655 1424983917.5080 2412 UofM_Guest_
189441481136066 -71 4499072713 1424983917.5080 2437 UofM_Secure_
47491272328 -69 4499406662 1424983917.5080 2412 eduroam_
47491272320 -67 4499406646 1424983917.5080 2412 UofM_
47491272326 -70 4499406658 1424983917.5080 2412 _
47491272323 -61 4495936610 1424983917.5080 5745 UofM_Secure_
47491272329 -61 4495936621 1424983917.5080 5745 eduroam_
47491272325 -59 4495936615 1424983917.5080 5745 UofM_Guest_
47491272321 -60 4495936604 1424983917.5080 5745 UofM_
47491271497 -80 4495936599 1424983917.5080 5220 eduroam_
47491271491 -79 4495936570 1424983917.5080 5220 UofM_Secure_
47491271489 -79 4495936589 1424983917.5080 5220 UofM_
47491271493 -80 4495936594 1424983917.5080 5220 UofM_Guest_
47491271488 -81 4499072690 1424983917.5080 2437 UofM_
47491271496 -83 4499072704 1424983917.5080 2437 eduroam_
47491271494 -84 4499072700 1424983917.5080 2437 _
47491271490 -79 4499072694 1424983917.5080 2437 UofM_Secure_
47491272322 -70 4499406651 1424983917.5080 2412 UofM_Secure_
189441481136073 -74 4495936641 1424983917.5080 5765 eduroam_
189441481136067 -77 4495936631 1424983917.5080 5765 UofM_Secure_
189441481136065 -72 4495936626 1424983917.5080 5765 UofM_
189441481136069 -73 4495936636 1424983917.5080 5765 UofM_Guest_
189441481136071 -75 4495936646 1424983917.5080 5765 _
189441481136072 -77 4499072734 1424983917.5080 2437 eduroam_
189441481136070 -74 4499072726 1424983917.5080 2437 _
189441481136064 -79 4499072709 1424983917.5080 2437 UofM_
189441481136068 -81 4499072718 1424983917.5080 2437 UofM_Guest_
