189441481136064 -76 4698721923 1424984120.2580 2437 UofM_
47494398600 -75 4698721957 1424984120.2580 2462 eduroam_
47494398596 -74 4698721947 1424984120.2580 2462 UofM_Guest_
47494398598 -76 4698721952 1424984120.2580 2462 _
47491463104 -83 4698721918 1424984120.2580 2412 UofM_
47494398592 -75 4698721942 1424984120.2580 2462 UofM_
47491268867 -49 4702089187 1424984120.2580 5785 UofM_Secure_
47491268873 -49 4702089200 1424984120.2580 5785 eduroam_
47491271496 -70 4702089250 1424984120.2580 2437 eduroam_
47491268865 -50 4702089179 1424984120.2580 5785 UofM_
47491268869 -48 4702089193 1424984120.2580 5785 UofM_Guest_
47491271492 -68 4702089240 1424984120.2580 2437 UofM_Guest_
47491271488 -69 4702089228 1424984120.2580 2437 UofM_
47494398594 -76 4698721962 1424984120.2580 2462 UofM_Secure_
47491268872 -53 4702089343 1424984120.2580 2462 eduroam_
47491271490 -71 4702089234 1424984120.2580 2437 UofM_Secure_
47491268864 -51 4702089320 1424984120.2580 2462 UofM_
47491271494 -71 4702089245 1424984120.2580 2437 _
189441481136068 -83 4698721928 1424984120.2580 2437 UofM_Guest_
47491959240 -66 4702089278 1424984120.2580 2437 eduroam_
47491959241 -65 4702089311 1424984120.2580 5180 eduroam_
47491959235 -65 4702089291 1424984120.2580 5180 UofM_Secure_
47491271491 -75 4701541922 1424984120.2580 5220 UofM_Secure_
47491271497 -76 4701541931 1424984120.2580 5220 eduroam_
47491959234 -68 4702089261 1424984120.2580 2437 UofM_Secure_
47491959232 -65 4702089256 1424984120.2580 2437 UofM_
47491959236 -69 4702089267 1424984120.2580 2437 UofM_Guest_
47491959238 -67 4702089273 1424984120.2580 2437 _
47491959233 -65 4702089284 1424984120.2580 5180 UofM_
47491271493 -74 4701541926 1424984120.2580 5220 UofM_Guest_
47491959237 -67 4702089297 1424984120.2580 5180 UofM_Guest_
47491271489 -76 4701541893 1424984120.2580 5220 UofM_
47491271495 -77 4701541935 1424984120.2580 5220 _
47491268866 -56 4702089326 1424984120.2580 2462 UofM_Secure_
47491473992 -83 4702089223 1424984120.2580 2437 eduroam_
47491268868 -53 4702089332 1424984120.2580 2462 UofM_Guest_
47491268870 -54 4702089337 1424984120.2580 2462 _
47491959239 -67 4702089304 1424984120.2580 5180 _
47491473988 -84 4702089212 1424984120.2580 2437 UofM_Guest_
47491473984 -85 4702089207 1424984120.2580 2437 UofM_
47491473990 -86 4702089217 1424984120.2580 2437 _
