47491959234 -77 4387664079 1424983805.7260 2437 UofM_Secure_
162797488891936 -85 4387664084 1424983805.7260 2437 viro-geni-2_
47492007880 -76 4384095721 1424983805.7260 2412 eduroam_
47492007878 -75 4384095713 1424983805.7260 2412 _
47491268873 -71 4387664155 1424983805.7260 5785 eduroam_
47491268867 -70 4387664145 1424983805.7260 5785 UofM_Secure_
47492007875 -79 4384095782 1424983805.7260 5220 UofM_Secure_
47491268865 -71 4387664139 1424983805.7260 5785 UofM_
47491268869 -71 4387664150 1424983805.7260 5785 UofM_Guest_
47492007873 -80 4384095786 1424983805.7260 5220 UofM_
47491268870 -69 4387664122 1424983805.7260 2462 _
47491268864 -68 4387664112 1424983805.7260 2462 UofM_
47491268868 -68 4387664117 1424983805.7260 2462 UofM_Guest_
47492007872 -81 4387663994 1424983805.7260 2412 UofM_
47491959236 -79 4384095744 1424983805.7260 2437 UofM_Guest_
47491268866 -71 4387664126 1424983805.7260 2462 UofM_Secure_
47491268872 -69 4387664133 1424983805.7260 2462 eduroam_
9354243434178 -78 4384095727 1424983805.7260 2437 UofM_Secure_
47491473984 -83 4387664044 1424983805.7260 2437 UofM_
47491959232 -86 4387664107 1424983805.7260 2437 UofM_
9354243434180 -82 4384095733 1424983805.7260 2437 UofM_Guest_
47491473986 -76 4387664050 1424983805.7260 2437 UofM_Secure_
47491328712 -78 4387664040 1424983805.7260 2437 eduroam_
211938385015607 -80 4387664074 1424983805.7260 2437 HS-HOME-NET_
47491473992 -81 4387664069 1424983805.7260 2437 eduroam_
9354243434184 -86 4387664101 1424983805.7260 2437 eduroam_
47491268871 -75 4387664161 1424983805.7260 5785 _
47491328708 -75 4387664030 1424983805.7260 2437 UofM_Guest_
47491328710 -76 4387664035 1424983805.7260 2437 _
47491328704 -76 4387663999 1424983805.7260 2437 UofM_
47491473990 -82 4387664063 1424983805.7260 2437 _
47491473988 -83 4387664054 1424983805.7260 2437 UofM_Guest_
9354243434176 -85 4387664089 1424983805.7260 2437 UofM_
9354243434182 -85 4387664095 1424983805.7260 2437 _
