47491272326 -67 4599915774 1424984017.9780 2412 _
189441481136065 -78 4585590309 1424984017.9780 5765 UofM_
47491272320 -65 4599915759 1424984017.9780 2412 UofM_
47491268866 -70 4585590295 1424984017.9780 2462 UofM_Secure_
47491268872 -71 4585590286 1424984017.9780 2462 eduroam_
47494398600 -77 4599915817 1424984017.9780 2462 eduroam_
47491268868 -68 4585590283 1424984017.9780 2462 UofM_Guest_
47491268864 -67 4585590271 1424984017.9780 2462 UofM_
47491268870 -72 4585590275 1424984017.9780 2462 _
189441481136068 -61 4599915796 1424984017.9780 2437 UofM_Guest_
189441481136072 -62 4599915806 1424984017.9780 2437 eduroam_
47491268867 -74 4585590322 1424984017.9780 5785 UofM_Secure_
47491268873 -74 4585590330 1424984017.9780 5785 eduroam_
189441481136067 -80 4599915837 1424984017.9780 5765 UofM_Secure_
47491268865 -74 4585590318 1424984017.9780 5785 UofM_
47491268869 -73 4585590326 1424984017.9780 5785 UofM_Guest_
189441481136069 -79 4599915842 1424984017.9780 5765 UofM_Guest_
47491272324 -66 4599915770 1424984017.9780 2412 UofM_Guest_
47491271496 -81 4585590247 1424984017.9780 2437 eduroam_
189441481136071 -78 4585590314 1424984017.9780 5765 _
47494398596 -74 4599915832 1424984017.9780 2462 UofM_Guest_
47494398598 -78 4599915812 1424984017.9780 2462 _
47491271492 -87 4585590227 1424984017.9780 2437 UofM_Guest_
47491271488 -82 4585590251 1424984017.9780 2437 UofM_
47491463110 -86 4585590223 1424984017.9780 2412 _
47491463108 -86 4585590219 1424984017.9780 2412 UofM_Guest_
47491271490 -82 4585590240 1424984017.9780 2437 UofM_Secure_
47491463112 -89 4585590215 1424984017.9780 2412 eduroam_
47491271494 -83 4585590244 1424984017.9780 2437 _
47494398594 -80 4599915827 1424984017.9780 2462 UofM_Secure_
189441481136073 -78 4585590304 1424984017.9780 5765 eduroam_
47494398592 -77 4599915822 1424984017.9780 2462 UofM_
189441481136070 -61 4599915801 1424984017.9780 2437 _
189441481136064 -65 4599915791 1424984017.9780 2437 UofM_
47491272323 -67 4599915785 1424984017.9780 5745 UofM_Secure_
47491272328 -67 4599915779 1424984017.9780 2412 eduroam_
47491272322 -69 4599915765 1424984017.9780 2412 UofM_Secure_
