47491272324 -72 4550886424 1424983968.9480 2412 UofM_Guest_
47491272328 -73 4550886436 1424983968.9480 2412 eduroam_
47491272326 -76 4550886430 1424983968.9480 2412 _
47491272329 -75 4550886496 1424983968.9480 5745 eduroam_
47491271497 -77 4533068645 1424983968.9480 5220 eduroam_
47491271489 -78 4533068630 1424983968.9480 5220 UofM_
47491271493 -81 4533068638 1424983968.9480 5220 UofM_Guest_
47491271488 -69 4533365801 1424983968.9480 2437 UofM_
47491271496 -70 4533365813 1424983968.9480 2437 eduroam_
47491271494 -69 4533365809 1424983968.9480 2437 _
47491271490 -73 4533068596 1424983968.9480 2437 UofM_Secure_
189441481136070 -71 4550886462 1424983968.9480 2437 _
47491268872 -84 4533068620 1424983968.9480 2462 eduroam_
47491271492 -70 4533365805 1424983968.9480 2437 UofM_Guest_
47491268868 -79 4533068614 1424983968.9480 2462 UofM_Guest_
47491268864 -91 4550886475 1424983968.9480 2462 UofM_
47491268870 -84 4533068625 1424983968.9480 2462 _
189441481136065 -72 4550886442 1424983968.9480 5765 UofM_
47491272323 -75 4550886481 1424983968.9480 5745 UofM_Secure_
47491272322 -72 4550886419 1424983968.9480 2412 UofM_Secure_
189441481136073 -79 4550886520 1424983968.9480 5765 eduroam_
189441481136067 -79 4550886514 1424983968.9480 5765 UofM_Secure_
189441481136072 -80 4550886469 1424983968.9480 2437 eduroam_
189441481136068 -69 4550886455 1424983968.9480 2437 UofM_Guest_
47491272327 -75 4550886491 1424983968.9480 5745 _
47491272325 -75 4550886486 1424983968.9480 5745 UofM_Guest_
189441481136064 -71 4550886449 1424983968.9480 2437 UofM_
47491272320 -73 4550886414 1424983968.9480 2412 UofM_
47491272321 -78 4550886502 1424983968.9480 5745 UofM_
189441481136069 -79 4550886509 1424983968.9480 5765 UofM_Guest_
