47491272323 -75 4125447663 1424983543.5270 5745 UofM_Secure_
47491268865 -75 4125447719 1424983543.5270 5785 UofM_
47491272329 -74 4125447659 1424983543.5270 5745 eduroam_
47491268866 -78 4125447631 1424983543.5270 2462 UofM_Secure_
47491271496 -86 4115249698 1424983543.5270 2437 eduroam_
47491268872 -83 4125447650 1424983543.5270 2462 eduroam_
47491272321 -60 4125447593 1424983543.5270 5745 UofM_
47491272325 -74 4125447654 1424983543.5270 5745 UofM_Guest_
47491268864 -83 4125447624 1424983543.5270 2462 UofM_
47491268868 -83 4125447636 1424983543.5270 2462 UofM_Guest_
47491268870 -84 4125447645 1424983543.5270 2462 _
47491272326 -68 4125447583 1424983543.5270 2412 _
47491272320 -64 4125447567 1424983543.5270 2412 UofM_
47491272324 -64 4125447578 1424983543.5270 2412 UofM_Guest_
189441481136070 -67 4125447611 1424983543.5270 2437 _
189441481136072 -59 4125447618 1424983543.5270 2437 eduroam_
189441481136066 -62 4125447602 1424983543.5270 2437 UofM_Secure_
47491272328 -66 4125447587 1424983543.5270 2412 eduroam_
47491272322 -67 4125447572 1424983543.5270 2412 UofM_Secure_
189441481136073 -72 4125447699 1424983543.5270 5765 eduroam_
47491268873 -74 4125447712 1424983543.5270 5785 eduroam_
189441481136067 -76 4125447682 1424983543.5270 5765 UofM_Secure_
47491268867 -77 4125447729 1424983543.5270 5785 UofM_Secure_
189441481136064 -58 4125447597 1424983543.5270 2437 UofM_
189441481136068 -66 4125447607 1424983543.5270 2437 UofM_Guest_
189441481136069 -74 4125447690 1424983543.5270 5765 UofM_Guest_
47491268869 -75 4125447705 1424983543.5270 5785 UofM_Guest_
189441481136065 -75 4125447675 1424983543.5270 5765 UofM_
47491272327 -76 4125447669 1424983543.5270 5745 _
