47491268873 -50 4417675852 1424983835.7360 5785 eduroam_
47491268867 -49 4417675845 1424983835.7360 5785 UofM_Secure_
47491268865 -48 4417675841 1424983835.7360 5785 UofM_
47491268869 -48 4417675848 1424983835.7360 5785 UofM_Guest_
47491268870 -46 4417675790 1424983835.7360 2462 _
47491268864 -42 4417675772 1424983835.7360 2462 UofM_
47491268868 -44 4417675798 1424983835.7360 2462 UofM_Guest_
47491268866 -55 4414065174 1424983835.7360 2462 UofM_Secure_
47491268872 -68 4417675794 1424983835.7360 2462 eduroam_
47491473984 -77 4414065098 1424983835.7360 2437 UofM_
47491959232 -87 4414065160 1424983835.7360 2437 UofM_
47491473986 -76 4414065110 1424983835.7360 2437 UofM_Secure_
47491473992 -78 4414065104 1424983835.7360 2437 eduroam_
47491268871 -40 4414065260 1424983835.7360 5785 _
47491473990 -78 4414065124 1424983835.7360 2437 _
47491473988 -77 4414065116 1424983835.7360 2437 UofM_Guest_
47491959235 -68 4417675806 1424983835.7360 5180 UofM_Secure_
47491959241 -65 4417675814 1424983835.7360 5180 eduroam_
47491959237 -66 4417675810 1424983835.7360 5180 UofM_Guest_
47491959233 -66 4417675802 1424983835.7360 5180 UofM_
47491271492 -74 4417675783 1424983835.7360 2437 UofM_Guest_
47491271497 -73 4417675833 1424983835.7360 5220 eduroam_
47491271490 -75 4414065136 1424983835.7360 2437 UofM_Secure_
47491271491 -70 4417675826 1424983835.7360 5220 UofM_Secure_
47491271496 -72 4417675776 1424983835.7360 2437 eduroam_
47491959239 -65 4417675818 1424983835.7360 5180 _
47491271489 -70 4417675822 1424983835.7360 5220 UofM_
47491271488 -72 4417675779 1424983835.7360 2437 UofM_
47491271494 -71 4417675787 1424983835.7360 2437 _
47491271493 -71 4417675830 1424983835.7360 5220 UofM_Guest_
47492007876 -84 4414065091 1424983835.7360 2412 UofM_Guest_
47492007872 -85 4417675768 1424983835.7360 2412 UofM_
47491271495 -71 4417675837 1424983835.7360 5220 _
