189441481136064 -77 4683383177 1424984101.4460 2437 UofM_
47491959234 -77 4683383170 1424984101.4460 2437 UofM_Secure_
47491959240 -81 4683383158 1424984101.4460 2437 eduroam_
47491959238 -82 4683383151 1424984101.4460 2437 _
47491959232 -81 4683383163 1424984101.4460 2437 UofM_
47491959236 -81 4683383147 1424984101.4460 2437 UofM_Guest_
189441481136072 -77 4679599130 1424984101.4460 2437 eduroam_
47491463106 -81 4683383141 1424984101.4460 2412 UofM_Secure_
47494398600 -83 4683383196 1424984101.4460 2462 eduroam_
47491463112 -84 4683383137 1424984101.4460 2412 eduroam_
47491463108 -81 4683383132 1424984101.4460 2412 UofM_Guest_
47494398596 -81 4683383183 1424984101.4460 2462 UofM_Guest_
47494398598 -84 4683383192 1424984101.4460 2462 _
47491463104 -84 4683383127 1424984101.4460 2412 UofM_
47494398592 -85 4683383200 1424984101.4460 2462 UofM_
71145876123140 -86 4683383204 1424984101.4460 2462 UofM_Guest_
