47491268867 -65 4728024161 1424984146.0840 5785 UofM_Secure_
47491268873 -63 4728024169 1424984146.0840 5785 eduroam_
47491268865 -63 4728024157 1424984146.0840 5785 UofM_
47491268869 -62 4728024165 1424984146.0840 5785 UofM_Guest_
47491268872 -62 4724324360 1424984146.0840 2462 eduroam_
47491268864 -83 4724324339 1424984146.0840 2462 UofM_
47491959234 -76 4724324309 1424984146.0840 2437 UofM_Secure_
47491268868 -68 4724324348 1424984146.0840 2462 UofM_Guest_
47491268870 -62 4724324353 1424984146.0840 2462 _
47491473988 -82 4724324335 1424984146.0840 2437 UofM_Guest_
47492007880 -81 4724324297 1424984146.0840 2412 eduroam_
47491268871 -63 4728024172 1424984146.0840 5785 _
47492007881 -72 4728024153 1424984146.0840 5220 eduroam_
47492007875 -72 4728024145 1424984146.0840 5220 UofM_Secure_
211938385015607 -75 4728024118 1424984146.0840 2437 HS-HOME-NET_
162797488891936 -76 4728024123 1424984146.0840 2437 viro-geni-2_
47492007873 -72 4728024137 1424984146.0840 5220 UofM_
47492007877 -75 4728024149 1424984146.0840 5220 UofM_Guest_
211938385015619 -83 4728024127 1424984146.0840 2437 viro2_
84207466584964 -82 4728024114 1424984146.0840 2412 UofM_Guest_
47492007879 -71 4724324403 1424984146.0840 5220 _
47491473990 -79 4724324303 1424984146.0840 2437 _
47491959235 -80 4724324370 1424984146.0840 5180 UofM_Secure_
47491959241 -80 4724324383 1424984146.0840 5180 eduroam_
47491959240 -77 4724324323 1424984146.0840 2437 eduroam_
47491271496 -84 4724324331 1424984146.0840 2437 eduroam_
47491959236 -77 4724324317 1424984146.0840 2437 UofM_Guest_
47491959233 -82 4724324365 1424984146.0840 5180 UofM_
47491959237 -82 4724324379 1424984146.0840 5180 UofM_Guest_
47493331332 -88 4728024131 1424984146.0840 2462 UofM_Guest_
