47491268867 -79 3983937188 1424983404.8790 5785 UofM_Secure_
47491959240 -81 3986808632 1424983404.8790 2437 eduroam_
47491959232 -80 3986808605 1424983404.8790 2437 UofM_
47491959238 -80 3986808626 1424983404.8790 2437 _
47491463110 -83 3986808586 1424983404.8790 2412 _
47491463108 -81 3986808578 1424983404.8790 2412 UofM_Guest_
47491959236 -80 3986808619 1424983404.8790 2437 UofM_Guest_
47491959237 -75 3983937174 1424983404.8790 5180 UofM_Guest_
47491959233 -76 3983937161 1424983404.8790 5180 UofM_
47491959235 -76 3983937168 1424983404.8790 5180 UofM_Secure_
47491959241 -76 3983937181 1424983404.8790 5180 eduroam_
47491463106 -77 3986808566 1424983404.8790 2412 UofM_Secure_
47491463112 -79 3986808592 1424983404.8790 2412 eduroam_
47491463104 -80 3986808599 1424983404.8790 2412 UofM_
189441481136070 -82 3983937155 1424983404.8790 2437 _
47491959234 -73 3986808611 1424983404.8790 2437 UofM_Secure_
189441481136072 -82 3986808645 1424983404.8790 2437 eduroam_
189441481136064 -75 3986808639 1424983404.8790 2437 UofM_
