162797488891936 -64 4836485219 1424984254.5450 2437 viro-geni-2_
47492007872 -84 4836485231 1424984254.5450 2412 UofM_
47492007880 -91 4836485210 1424984254.5450 2412 eduroam_
47493331331 -72 4836485254 1424984254.5450 5180 UofM_Secure_
47493331329 -72 4836485251 1424984254.5450 5180 UofM_
211938385015607 -58 4836485225 1424984254.5450 2437 HS-HOME-NET_
211938385015055 -68 4836485228 1424984254.5450 2437 viro-geni-1_
47493331337 -72 4836485262 1424984254.5450 5180 eduroam_
162797488891937 -61 4836485266 1424984254.5450 5765 Linksys19141_5GHz_
47493331333 -72 4836485258 1424984254.5450 5180 UofM_Guest_
211938385015619 -60 4836485222 1424984254.5450 2437 viro2_
47491268872 -86 4832879842 1424984254.5450 2462 eduroam_
47491268864 -86 4832879827 1424984254.5450 2462 UofM_
47491268868 -84 4832879832 1424984254.5450 2462 UofM_Guest_
2297084420154 -72 4836485194 1424984254.5450 2412 DIRECT-_
47491268870 -85 4832879837 1424984254.5450 2462 _
47493331332 -79 4836485240 1424984254.5450 2462 UofM_Guest_
47493331328 -81 4836485234 1424984254.5450 2462 UofM_
47491269568 -72 4836485197 1424984254.5450 2412 UofM_
47491269570 -71 4836485200 1424984254.5450 2412 UofM_Secure_
47491269576 -76 4836485207 1424984254.5450 2412 eduroam_
47493331330 -79 4836485237 1424984254.5450 2462 UofM_Secure_
47493331336 -81 4836485247 1424984254.5450 2462 eduroam_
47491269572 -73 4836485203 1424984254.5450 2412 UofM_Guest_
47491269574 -81 4836485214 1424984254.5450 2412 _
47493331334 -82 4836485244 1424984254.5450 2462 _
