189441481136064 -43 4455810753 1424983873.8710 2437 UofM_
47491959240 -85 4442996263 1424983873.8710 2437 eduroam_
189441481136065 -42 4455810790 1424983873.8710 5765 UofM_
189441481136073 -43 4455810799 1424983873.8710 5765 eduroam_
189441481136069 -42 4455810796 1424983873.8710 5765 UofM_Guest_
47494398596 -76 4455810764 1424983873.8710 2462 UofM_Guest_
47494398598 -79 4455810768 1424983873.8710 2462 _
47494398600 -78 4455810770 1424983873.8710 2462 eduroam_
47491959232 -77 4442471424 1424983873.8710 2437 UofM_
47491959236 -84 4442996256 1424983873.8710 2437 UofM_Guest_
189441481136067 -42 4455810793 1424983873.8710 5765 UofM_Secure_
47491959238 -86 4442996259 1424983873.8710 2437 _
47494398592 -77 4455810762 1424983873.8710 2462 UofM_
189441481136072 -45 4455810747 1424983873.8710 2437 eduroam_
189441481136070 -47 4455810745 1424983873.8710 2437 _
189441481136068 -43 4455810756 1424983873.8710 2437 UofM_Guest_
47491272324 -64 4455810739 1424983873.8710 2412 UofM_Guest_
189441481136066 -45 4455810759 1424983873.8710 2437 UofM_Secure_
47491272322 -66 4455810736 1424983873.8710 2412 UofM_Secure_
47491272328 -67 4455810742 1424983873.8710 2412 eduroam_
189441481136071 -47 4455810803 1424983873.8710 5765 _
47491272320 -66 4455810733 1424983873.8710 2412 UofM_
47491272326 -74 4455810750 1424983873.8710 2412 _
47491272323 -67 4455810780 1424983873.8710 5745 UofM_Secure_
47491272329 -68 4455810787 1424983873.8710 5745 eduroam_
47494398594 -76 4455810773 1424983873.8710 2462 UofM_Secure_
47491272325 -66 4455810783 1424983873.8710 5745 UofM_Guest_
47491272321 -66 4455810776 1424983873.8710 5745 UofM_
