47491272326 -77 4603455046 1424984023.6520 2412 _
189441481136065 -80 4603455091 1424984023.6520 5765 UofM_
47491272320 -77 4603455032 1424984023.6520 2412 UofM_
47494398600 -84 4605579869 1424984023.6520 2462 eduroam_
47491268868 -86 4603455087 1424984023.6520 2462 UofM_Guest_
47491268864 -85 4603455082 1424984023.6520 2462 UofM_
189441481136068 -78 4605579835 1424984023.6520 2437 UofM_Guest_
189441481136072 -73 4603455061 1424984023.6520 2437 eduroam_
47491268867 -77 4603455100 1424984023.6520 5785 UofM_Secure_
47491268873 -78 4603455109 1424984023.6520 5785 eduroam_
47491268865 -75 4603455096 1424984023.6520 5785 UofM_
47491268869 -75 4603455105 1424984023.6520 5785 UofM_Guest_
47491272324 -79 4603455041 1424984023.6520 2412 UofM_Guest_
47494398596 -82 4605579859 1424984023.6520 2462 UofM_Guest_
47494398598 -90 4603455074 1424984023.6520 2462 _
47494398594 -81 4605579852 1424984023.6520 2462 UofM_Secure_
47494398592 -85 4605579845 1424984023.6520 2462 UofM_
189441481136070 -76 4605579841 1424984023.6520 2437 _
189441481136064 -78 4605579821 1424984023.6520 2437 UofM_
47491272323 -67 4599915785 1424984023.6520 5745 UofM_Secure_
47491272328 -81 4603455049 1424984023.6520 2412 eduroam_
47491272322 -76 4603455036 1424984023.6520 2412 UofM_Secure_
189441481136066 -78 4605579830 1424984023.6520 2437 UofM_Secure_
