47494398600 -82 4664901777 1424984086.6540 2462 eduroam_
189441481136064 -66 4668596510 1424984086.6540 2437 UofM_
47491463112 -80 4664901757 1424984086.6540 2412 eduroam_
47491463104 -89 4668596506 1424984086.6540 2412 UofM_
47491463108 -80 4664901754 1424984086.6540 2412 UofM_Guest_
47491463110 -81 4664901761 1424984086.6540 2412 _
47491959234 -80 4668596517 1424984086.6540 2437 UofM_Secure_
47491959240 -84 4668596523 1424984086.6540 2437 eduroam_
47491463106 -77 4664901751 1424984086.6540 2412 UofM_Secure_
47491959238 -87 4668596527 1424984086.6540 2437 _
47491959232 -83 4668596513 1424984086.6540 2437 UofM_
47491959236 -86 4668596520 1424984086.6540 2437 UofM_Guest_
189441481136073 -74 4668596551 1424984086.6540 5765 eduroam_
189441481136067 -75 4668596544 1424984086.6540 5765 UofM_Secure_
189441481136069 -69 4668596548 1424984086.6540 5765 UofM_Guest_
189441481136071 -74 4668596554 1424984086.6540 5765 _
189441481136072 -80 4668596537 1424984086.6540 2437 eduroam_
189441481136065 -72 4668596541 1424984086.6540 5765 UofM_
189441481136070 -76 4668596533 1424984086.6540 2437 _
189441481136068 -79 4668596530 1424984086.6540 2437 UofM_Guest_
