47491268867 -79 4750509993 1424984168.5700 5785 UofM_Secure_
47491268873 -79 4750510034 1424984168.5700 5785 eduroam_
47491268865 -67 4750509930 1424984168.5700 5785 UofM_
47491268869 -79 4750509999 1424984168.5700 5785 UofM_Guest_
47491268871 -75 4747014099 1424984168.5700 5785 _
47492007881 -72 4750509983 1424984168.5700 5220 eduroam_
47492007875 -72 4750509976 1424984168.5700 5220 UofM_Secure_
211938385015607 -80 4750509913 1424984168.5700 2437 HS-HOME-NET_
162797488891936 -74 4750509917 1424984168.5700 2437 viro-geni-2_
47492007873 -75 4750509971 1424984168.5700 5220 UofM_
47492007877 -73 4750509980 1424984168.5700 5220 UofM_Guest_
211938385015619 -81 4750509909 1424984168.5700 2437 viro2_
84207466584964 -88 4747013608 1424984168.5700 2412 UofM_Guest_
84207466584968 -82 4747013612 1424984168.5700 2412 eduroam_
47492007872 -65 4750509891 1424984168.5700 2412 UofM_
47492007876 -66 4750509895 1424984168.5700 2412 UofM_Guest_
47492007878 -66 4750509900 1424984168.5700 2412 _
84207466584960 -87 4747013605 1424984168.5700 2412 UofM_
84207466584966 -89 4747013615 1424984168.5700 2412 _
47491268872 -75 4750509948 1424984168.5700 2462 eduroam_
47491268864 -74 4750509935 1424984168.5700 2462 UofM_
47491268868 -75 4750509940 1424984168.5700 2462 UofM_Guest_
47491268870 -77 4750509943 1424984168.5700 2462 _
47491268866 -72 4747013668 1424984168.5700 2462 UofM_Secure_
47491959240 -82 4750509922 1424984168.5700 2437 eduroam_
47493331337 -82 4747013889 1424984168.5700 5180 eduroam_
47493331331 -83 4747013827 1424984168.5700 5180 UofM_Secure_
47492007879 -74 4750509987 1424984168.5700 5220 _
47493331329 -81 4747013677 1424984168.5700 5180 UofM_
47492007880 -66 4750509905 1424984168.5700 2412 eduroam_
47493331336 -85 4750509967 1424984168.5700 2462 eduroam_
47493331332 -81 4750509957 1424984168.5700 2462 UofM_Guest_
47493331328 -84 4750509953 1424984168.5700 2462 UofM_
47493331334 -85 4750509962 1424984168.5700 2462 _
9354243434182 -92 4750509927 1424984168.5700 2437 _
