114896623892006 -64 4369298224 1424983787.3600 2437 NAO_
47491959236 -70 4365540421 1424983787.3600 2437 UofM_Guest_
47491959240 -68 4369298240 1424983787.3600 2437 eduroam_
47491959238 -68 4369298232 1424983787.3600 2437 _
47491959235 -71 4365540494 1424983787.3600 5180 UofM_Secure_
47491959241 -79 4369298341 1424983787.3600 5180 eduroam_
47491959233 -79 4369298332 1424983787.3600 5180 UofM_
47491959237 -81 4369298337 1424983787.3600 5180 UofM_Guest_
47491959232 -68 4365540414 1424983787.3600 2437 UofM_
47491959234 -69 4369298295 1424983787.3600 2437 UofM_Secure_
189441481137416 -77 4369298272 1424983787.3600 2437 eduroam_
189441481137412 -73 4369298260 1424983787.3600 2437 UofM_Guest_
189441481137414 -78 4369298266 1424983787.3600 2437 _
47491460552 -75 4365540470 1424983787.3600 2462 eduroam_
47491460544 -72 4369298327 1424983787.3600 2462 UofM_
47491460548 -75 4365540482 1424983787.3600 2462 UofM_Guest_
189441481137408 -72 4369298247 1424983787.3600 2437 UofM_
47491460546 -71 4365540476 1424983787.3600 2462 UofM_Secure_
189441478786244 -75 4369298200 1424983787.3600 2412 UofM_Guest_
47491460550 -68 4365540464 1424983787.3600 2462 _
47491460547 -73 4365540530 1424983787.3600 5240 UofM_Secure_
47491460553 -76 4365540546 1424983787.3600 5240 eduroam_
47491460549 -73 4365540540 1424983787.3600 5240 UofM_Guest_
47491959239 -74 4365540517 1424983787.3600 5180 _
47491460545 -74 4365540523 1424983787.3600 5240 UofM_
47492007872 -79 4365540400 1424983787.3600 2412 UofM_
189441481137410 -74 4369298253 1424983787.3600 2437 UofM_Secure_
189441478786248 -75 4369298205 1424983787.3600 2412 eduroam_
84207466584962 -76 4369298184 1424983787.3600 2412 UofM_Secure_
162797488891936 -78 4369298217 1424983787.3600 2437 viro-geni-2_
47493331330 -78 4369298312 1424983787.3600 2462 UofM_Secure_
47492007880 -78 4369298213 1424983787.3600 2412 eduroam_
84207466584968 -82 4369298195 1424983787.3600 2412 eduroam_
211938385015055 -85 4369298279 1424983787.3600 2437 viro-geni-1_
47492007878 -78 4369298209 1424983787.3600 2412 _
84207466584966 -79 4369298192 1424983787.3600 2412 _
47493331332 -81 4369298320 1424983787.3600 2462 UofM_Guest_
84207466584964 -81 4369298188 1424983787.3600 2412 UofM_Guest_
84207466584960 -81 4369298180 1424983787.3600 2412 UofM_
47493331328 -82 4369298303 1424983787.3600 2462 UofM_
211938385015619 -84 4369298287 1424983787.3600 2437 viro2_
