47491272326 -77 4603455046 1424984021.5140 2412 _
189441481136065 -80 4603455091 1424984021.5140 5765 UofM_
47491272320 -77 4603455032 1424984021.5140 2412 UofM_
47494398600 -89 4603455078 1424984021.5140 2462 eduroam_
47491268868 -86 4603455087 1424984021.5140 2462 UofM_Guest_
47491268864 -85 4603455082 1424984021.5140 2462 UofM_
189441481136068 -83 4603455052 1424984021.5140 2437 UofM_Guest_
189441481136072 -73 4603455061 1424984021.5140 2437 eduroam_
47491268867 -77 4603455100 1424984021.5140 5785 UofM_Secure_
47491268873 -78 4603455109 1424984021.5140 5785 eduroam_
189441481136067 -80 4599915837 1424984021.5140 5765 UofM_Secure_
47491268865 -75 4603455096 1424984021.5140 5785 UofM_
47491268869 -75 4603455105 1424984021.5140 5785 UofM_Guest_
189441481136069 -79 4599915842 1424984021.5140 5765 UofM_Guest_
47491272324 -79 4603455041 1424984021.5140 2412 UofM_Guest_
47494398596 -88 4603455069 1424984021.5140 2462 UofM_Guest_
47494398598 -90 4603455074 1424984021.5140 2462 _
47494398594 -80 4599915827 1424984021.5140 2462 UofM_Secure_
47494398592 -88 4603455065 1424984021.5140 2462 UofM_
189441481136070 -70 4603455056 1424984021.5140 2437 _
189441481136064 -65 4599915791 1424984021.5140 2437 UofM_
47491272323 -67 4599915785 1424984021.5140 5745 UofM_Secure_
47491272328 -81 4603455049 1424984021.5140 2412 eduroam_
47491272322 -76 4603455036 1424984021.5140 2412 UofM_Secure_
