114896623892006 -73 4376666074 1424983798.6000 2437 NAO_
47491959234 -79 4380530710 1424983798.6000 2437 UofM_Secure_
189441481137416 -87 4376666109 1424983798.6000 2437 eduroam_
189441481137412 -89 4376666102 1424983798.6000 2437 UofM_Guest_
189441481137408 -86 4376666095 1424983798.6000 2437 UofM_
84207466584962 -67 4376666041 1424983798.6000 2412 UofM_Secure_
162797488891936 -75 4380530740 1424983798.6000 2437 viro-geni-2_
47492007880 -72 4380530699 1424983798.6000 2412 eduroam_
84207466584968 -84 4380530716 1424983798.6000 2412 eduroam_
47492007878 -69 4380530693 1424983798.6000 2412 _
84207466584960 -68 4376666036 1424983798.6000 2412 UofM_
211938385015619 -87 4380530744 1424983798.6000 2437 viro2_
47491268873 -64 4380530773 1424983798.6000 5785 eduroam_
47491268867 -66 4380530766 1424983798.6000 5785 UofM_Secure_
47492007881 -71 4380530758 1424983798.6000 5220 eduroam_
47492007875 -74 4380530752 1424983798.6000 5220 UofM_Secure_
47491268865 -62 4380530761 1424983798.6000 5785 UofM_
47491268869 -64 4380530770 1424983798.6000 5785 UofM_Guest_
47492007873 -71 4380530748 1424983798.6000 5220 UofM_
47492007877 -73 4380530755 1424983798.6000 5220 UofM_Guest_
47491268870 -84 4376666126 1424983798.6000 2462 _
47491268864 -78 4376666115 1424983798.6000 2462 UofM_
47491268868 -81 4376666120 1424983798.6000 2462 UofM_Guest_
211938385015607 -69 4376666090 1424983798.6000 2437 HS-HOME-NET_
47492007876 -69 4380530686 1424983798.6000 2412 UofM_Guest_
47492007872 -69 4380530674 1424983798.6000 2412 UofM_
47492007874 -66 4380530679 1424983798.6000 2412 UofM_Secure_
47491959240 -83 4380530735 1424983798.6000 2437 eduroam_
211938385015055 -84 4380530720 1424983798.6000 2437 viro-geni-1_
2297084420154 -84 4380530704 1424983798.6000 2412 DIRECT-_
47491959236 -82 4380530724 1424983798.6000 2437 UofM_Guest_
47491959238 -83 4380530729 1424983798.6000 2437 _
