162797488891936 -81 4814921550 1424984236.5660 2437 viro-geni-2_
47492007872 -71 4818505359 1424984236.5660 2412 UofM_
47492007876 -70 4818505366 1424984236.5660 2412 UofM_Guest_
47492007880 -72 4818505369 1424984236.5660 2412 eduroam_
47492007874 -72 4818505362 1424984236.5660 2412 UofM_Secure_
47491959232 -77 4814921557 1424984236.5660 2437 UofM_
84207466584968 -68 4818505382 1424984236.5660 2412 eduroam_
84207466584966 -68 4818505379 1424984236.5660 2412 _
84207466584964 -69 4818505376 1424984236.5660 2412 UofM_Guest_
114896623892006 -82 4818505403 1424984236.5660 2437 NAO_
47491460552 -92 4818505417 1424984236.5660 2462 eduroam_
84207466584960 -65 4818505372 1424984236.5660 2412 UofM_
47491959238 -87 4818505389 1424984236.5660 2437 _
189441481137412 -85 4818505410 1424984236.5660 2437 UofM_Guest_
47491460548 -86 4818505413 1424984236.5660 2462 UofM_Guest_
47491460544 -80 4814921576 1424984236.5660 2462 UofM_
47491959240 -85 4818505392 1424984236.5660 2437 eduroam_
47491959236 -82 4818505386 1424984236.5660 2437 UofM_Guest_
189441481137408 -85 4818505407 1424984236.5660 2437 UofM_
47493331331 -78 4814921596 1424984236.5660 5180 UofM_Secure_
47493331336 -88 4814921589 1424984236.5660 2462 eduroam_
47493331329 -79 4814921592 1424984236.5660 5180 UofM_
47493331332 -87 4814921586 1424984236.5660 2462 UofM_Guest_
47491268873 -70 4818505434 1424984236.5660 5785 eduroam_
47491268867 -72 4818505425 1424984236.5660 5785 UofM_Secure_
211938385015607 -81 4818505396 1424984236.5660 2437 HS-HOME-NET_
211938385015055 -88 4818505399 1424984236.5660 2437 viro-geni-1_
47491268865 -69 4818505420 1424984236.5660 5785 UofM_
47491268869 -73 4818505429 1424984236.5660 5785 UofM_Guest_
