47491959240 -71 4236307247 1424983654.3690 2437 eduroam_
47491959236 -74 4236307235 1424983654.3690 2437 UofM_Guest_
47491959238 -71 4236307241 1424983654.3690 2437 _
47491959232 -72 4236307227 1424983654.3690 2437 UofM_
47494398600 -89 4232505171 1424983654.3690 2462 eduroam_
47494398596 -88 4232505162 1424983654.3690 2462 UofM_Guest_
47494398598 -91 4232505167 1424983654.3690 2462 _
47491959234 -67 4236307254 1424983654.3690 2437 UofM_Secure_
47491268873 -56 4236307332 1424983654.3690 5785 eduroam_
47491268867 -55 4236307320 1424983654.3690 5785 UofM_Secure_
47491271491 -81 4236307296 1424983654.3690 5220 UofM_Secure_
47491271497 -79 4236307309 1424983654.3690 5220 eduroam_
47491268865 -55 4236307314 1424983654.3690 5785 UofM_
47491268869 -56 4236307326 1424983654.3690 5785 UofM_Guest_
47494398592 -87 4232505157 1424983654.3690 2462 UofM_
47491271489 -79 4236307290 1424983654.3690 5220 UofM_
47491271493 -81 4236307303 1424983654.3690 5220 UofM_Guest_
47491271488 -73 4236307204 1424983654.3690 2437 UofM_
47491959235 -69 4236307266 1424983654.3690 5180 UofM_Secure_
47491959241 -70 4236307278 1424983654.3690 5180 eduroam_
47491271496 -75 4236307222 1424983654.3690 2437 eduroam_
47491959237 -69 4236307273 1424983654.3690 5180 UofM_Guest_
47491959233 -74 4236307259 1424983654.3690 5180 UofM_
47491959239 -71 4236307284 1424983654.3690 5180 _
47491271494 -75 4236307216 1424983654.3690 2437 _
47491271492 -75 4236307210 1424983654.3690 2437 UofM_Guest_
47491268871 -56 4236307339 1424983654.3690 5785 _
