47491268872 -81 4139488592 1424983561.0380 2462 eduroam_
47491272321 -78 4142974829 1424983561.0380 5745 UofM_
47491268864 -81 4139488587 1424983561.0380 2462 UofM_
47491272326 -84 4142974792 1424983561.0380 2412 _
47491272320 -87 4142974773 1424983561.0380 2412 UofM_
47491272324 -86 4142974780 1424983561.0380 2412 UofM_Guest_
189441481136073 -74 4142974878 1424983561.0380 5765 eduroam_
189441481136067 -74 4142974867 1424983561.0380 5765 UofM_Secure_
189441481136069 -72 4142974873 1424983561.0380 5765 UofM_Guest_
189441481136065 -74 4142974861 1424983561.0380 5765 UofM_
47491959240 -81 4139488577 1424983561.0380 2437 eduroam_
47491959236 -81 4139488567 1424983561.0380 2437 UofM_Guest_
47491959238 -83 4139488572 1424983561.0380 2437 _
47491959232 -81 4139488558 1424983561.0380 2437 UofM_
47491959234 -81 4139488563 1424983561.0380 2437 UofM_Secure_
47491463112 -87 4139488547 1424983561.0380 2412 eduroam_
47491463104 -80 4139488535 1424983561.0380 2412 UofM_
47491463108 -84 4139488541 1424983561.0380 2412 UofM_Guest_
189441481136068 -83 4142974805 1424983561.0380 2437 UofM_Guest_
47491272323 -79 4142974837 1424983561.0380 5745 UofM_Secure_
47491272329 -80 4142974848 1424983561.0380 5745 eduroam_
189441481136072 -83 4142974821 1424983561.0380 2437 eduroam_
47491272325 -78 4142974842 1424983561.0380 5745 UofM_Guest_
47491272327 -78 4142974855 1424983561.0380 5745 _
189441481136070 -83 4142974811 1424983561.0380 2437 _
189441481136064 -87 4142974798 1424983561.0380 2437 UofM_
