47491268864 -87 4439255369 1424983860.5500 2462 UofM_
47491268872 -86 4439255438 1424983860.5500 2462 eduroam_
189441481136064 -75 4442471449 1424983860.5500 2437 UofM_
47491959240 -78 4442471431 1424983860.5500 2437 eduroam_
189441481136065 -69 4439255460 1424983860.5500 5765 UofM_
47491463104 -73 4439255352 1424983860.5500 2412 UofM_
189441481136073 -71 4439255472 1424983860.5500 5765 eduroam_
189441481136069 -72 4439255468 1424983860.5500 5765 UofM_Guest_
47494398596 -85 4442471466 1424983860.5500 2462 UofM_Guest_
47494398598 -89 4442471470 1424983860.5500 2462 _
47491463108 -71 4439255359 1424983860.5500 2412 UofM_Guest_
47494398600 -87 4442471474 1424983860.5500 2462 eduroam_
47491463112 -71 4439255362 1424983860.5500 2412 eduroam_
47491959232 -77 4442471424 1424983860.5500 2437 UofM_
47491959236 -77 4442471440 1424983860.5500 2437 UofM_Guest_
47491959235 -79 4439255445 1424983860.5500 5180 UofM_Secure_
189441481136067 -70 4439255464 1424983860.5500 5765 UofM_Secure_
47491959241 -78 4439255457 1424983860.5500 5180 eduroam_
47491463106 -72 4439255355 1424983860.5500 2412 UofM_Secure_
47491959237 -80 4439255449 1424983860.5500 5180 UofM_Guest_
47491959238 -77 4442471445 1424983860.5500 2437 _
47491959233 -77 4439255441 1424983860.5500 5180 UofM_
47491959239 -80 4439255453 1424983860.5500 5180 _
47491463110 -74 4439255366 1424983860.5500 2412 _
47494398592 -88 4442471462 1424983860.5500 2462 UofM_
189441481136072 -70 4442471458 1424983860.5500 2437 eduroam_
47494398594 -80 4439255420 1424983860.5500 2462 UofM_Secure_
71145876123144 -87 4439255433 1424983860.5500 2462 eduroam_
189441481136070 -76 4442471454 1424983860.5500 2437 _
189441481136068 -75 4442471436 1424983860.5500 2437 UofM_Guest_
71145876123142 -85 4439255428 1424983860.5500 2462 _
47491272000 -87 4439255397 1424983860.5500 2437 UofM_
47491272004 -88 4439255401 1424983860.5500 2437 UofM_Guest_
47491272324 -88 4439255348 1424983860.5500 2412 UofM_Guest_
