47491268867 -45 3957911136 1424983377.8990 5785 UofM_Secure_
47491268873 -44 3957911146 1424983377.8990 5785 eduroam_
47491268869 -43 3957911141 1424983377.8990 5785 UofM_Guest_
47491268865 -43 3957911131 1424983377.8990 5785 UofM_
47492007874 -77 3954323225 1424983377.8990 2412 UofM_Secure_
47492007880 -83 3957911039 1424983377.8990 2412 eduroam_
47492007878 -85 3957911034 1424983377.8990 2412 _
47491268872 -51 3959417933 1424983377.8990 2462 eduroam_
47491268864 -46 3959417912 1424983377.8990 2462 UofM_
47491268868 -48 3959417918 1424983377.8990 2462 UofM_Guest_
47491268870 -51 3959417926 1424983377.8990 2462 _
47491959241 -75 3957911123 1424983377.8990 5180 eduroam_
47491959235 -75 3957911105 1424983377.8990 5180 UofM_Secure_
47491959240 -68 3959417887 1424983377.8990 2437 eduroam_
47491271496 -78 3959417874 1424983377.8990 2437 eduroam_
47491959233 -74 3957911098 1424983377.8990 5180 UofM_
47491959237 -75 3957911114 1424983377.8990 5180 UofM_Guest_
47491959232 -69 3959417881 1424983377.8990 2437 UofM_
47491959238 -74 3957911067 1424983377.8990 2437 _
47492007876 -82 3957911028 1424983377.8990 2412 UofM_Guest_
47491271488 -81 3959417897 1424983377.8990 2437 UofM_
47492007872 -84 3957911022 1424983377.8990 2412 UofM_
47491271491 -73 3959741392 1424983377.8990 5220 UofM_Secure_
47491271497 -73 3959741401 1424983377.8990 5220 eduroam_
47491271489 -73 3959741388 1424983377.8990 5220 UofM_
47491271493 -73 3959741396 1424983377.8990 5220 UofM_Guest_
47491271492 -78 3959417855 1424983377.8990 2437 UofM_Guest_
47491271494 -80 3959417868 1424983377.8990 2437 _
47491271495 -77 3959741404 1424983377.8990 5220 _
