47491959240 -60 3903458362 1424983321.5190 2437 eduroam_
47491959232 -61 3903457990 1424983321.5190 2437 UofM_
47491959236 -62 3903458253 1424983321.5190 2437 UofM_Guest_
47491959238 -60 3903458353 1424983321.5190 2437 _
47491959235 -67 3903457996 1424983321.5190 5180 UofM_Secure_
47491959241 -67 3903458598 1424983321.5190 5180 eduroam_
47491959237 -69 3903458590 1424983321.5190 5180 UofM_Guest_
47491959233 -71 3903458468 1424983321.5190 5180 UofM_
189441478786248 -81 3899898575 1424983321.5190 2412 eduroam_
114896623892006 -80 3903458460 1424983321.5190 2437 NAO_
189441478786246 -80 3899898570 1424983321.5190 2412 _
47491268873 -79 3899898652 1424983321.5190 5785 eduroam_
47491268867 -79 3899898640 1424983321.5190 5785 UofM_Secure_
47491268869 -78 3899898646 1424983321.5190 5785 UofM_Guest_
47491268865 -81 3899898634 1424983321.5190 5785 UofM_
47491959234 -56 3899898596 1424983321.5190 2437 UofM_Secure_
189441478786240 -77 3903457985 1424983321.5190 2412 UofM_
47491959239 -73 3903458606 1424983321.5190 5180 _
