47491272320 -81 4090852825 1424983508.9110 2412 UofM_
47491272329 -77 4090852849 1424983508.9110 5745 eduroam_
47491272323 -74 4090852836 1424983508.9110 5745 UofM_Secure_
47491272328 -84 4087393850 1424983508.9110 2412 eduroam_
47491272321 -77 4090852840 1424983508.9110 5745 UofM_
47491272325 -78 4090852843 1424983508.9110 5745 UofM_Guest_
47491272324 -82 4090852828 1424983508.9110 2412 UofM_Guest_
47491272326 -80 4090852833 1424983508.9110 2412 _
47491271491 -78 4087393872 1424983508.9110 5220 UofM_Secure_
47491271497 -79 4087393883 1424983508.9110 5220 eduroam_
47491271493 -76 4087393877 1424983508.9110 5220 UofM_Guest_
47491271495 -78 4087393888 1424983508.9110 5220 _
47491271489 -80 4087393867 1424983508.9110 5220 UofM_
47491268864 -85 4087393854 1424983508.9110 2462 UofM_
47491268868 -86 4087393859 1424983508.9110 2462 UofM_Guest_
189441481136073 -79 4090852865 1424983508.9110 5765 eduroam_
189441481136067 -80 4090852855 1424983508.9110 5765 UofM_Secure_
47491272327 -77 4090852846 1424983508.9110 5745 _
189441481136069 -81 4090852859 1424983508.9110 5765 UofM_Guest_
