189441481136064 -79 4477509201 1424983895.5710 2437 UofM_
189441481136065 -71 4473871993 1424983895.5710 5765 UofM_
189441481136073 -71 4473872024 1424983895.5710 5765 eduroam_
189441481136069 -74 4473872019 1424983895.5710 5765 UofM_Guest_
189441481136067 -71 4473871997 1424983895.5710 5765 UofM_Secure_
189441481136072 -75 4477509225 1424983895.5710 2437 eduroam_
189441481136070 -83 4477509211 1424983895.5710 2437 _
189441481136068 -81 4477509206 1424983895.5710 2437 UofM_Guest_
47491272324 -59 4477509171 1424983895.5710 2412 UofM_Guest_
189441481136066 -73 4477509186 1424983895.5710 2437 UofM_Secure_
47491272328 -62 4477509181 1424983895.5710 2412 eduroam_
47491272320 -59 4477509159 1424983895.5710 2412 UofM_
47491272326 -62 4477509176 1424983895.5710 2412 _
47491272323 -71 4477509256 1424983895.5710 5745 UofM_Secure_
47491272329 -74 4477509266 1424983895.5710 5745 eduroam_
47491272325 -73 4477509261 1424983895.5710 5745 UofM_Guest_
47491272321 -72 4477509250 1424983895.5710 5745 UofM_
47491271497 -74 4477509243 1424983895.5710 5220 eduroam_
47491271491 -75 4477509233 1424983895.5710 5220 UofM_Secure_
47491272327 -59 4473871990 1424983895.5710 5745 _
47491271489 -74 4477509229 1424983895.5710 5220 UofM_
47491271493 -74 4477509239 1424983895.5710 5220 UofM_Guest_
47491271488 -74 4477509216 1424983895.5710 2437 UofM_
47491272322 -57 4477509166 1424983895.5710 2412 UofM_Secure_
47491271496 -75 4477509221 1424983895.5710 2437 eduroam_
47491271492 -72 4477509192 1424983895.5710 2437 UofM_Guest_
47491271494 -74 4477509196 1424983895.5710 2437 _
