47491272321 -75 4153567707 1424983571.6290 5745 UofM_
47491272326 -75 4153567699 1424983571.6290 2412 _
47491272320 -73 4153567691 1424983571.6290 2412 UofM_
47491272324 -74 4153567695 1424983571.6290 2412 UofM_Guest_
189441481136073 -71 4150044159 1424983571.6290 5765 eduroam_
189441481136067 -69 4150044154 1424983571.6290 5765 UofM_Secure_
189441481136069 -72 4150044157 1424983571.6290 5765 UofM_Guest_
189441481136065 -78 4153567744 1424983571.6290 5765 UofM_
189441481136068 -69 4153567729 1424983571.6290 2437 UofM_Guest_
47491272323 -76 4150044139 1424983571.6290 5745 UofM_Secure_
47491272329 -75 4150044148 1424983571.6290 5745 eduroam_
189441481136072 -67 4153567738 1424983571.6290 2437 eduroam_
47491272325 -75 4150044142 1424983571.6290 5745 UofM_Guest_
47491272327 -75 4150044145 1424983571.6290 5745 _
189441481136070 -66 4153567732 1424983571.6290 2437 _
189441481136064 -69 4153567711 1424983571.6290 2437 UofM_
47491272328 -74 4153567703 1424983571.6290 2412 eduroam_
189441481136066 -67 4153567717 1424983571.6290 2437 UofM_Secure_
