162797488891936 -82 4398059505 1424983816.1620 2437 viro-geni-2_
47491268873 -71 4398059599 1424983816.1620 5785 eduroam_
47491268867 -70 4398059592 1424983816.1620 5785 UofM_Secure_
47492007875 -70 4398059574 1424983816.1620 5220 UofM_Secure_
47491268865 -69 4398059588 1424983816.1620 5785 UofM_
47491268869 -70 4398059595 1424983816.1620 5785 UofM_Guest_
47492007873 -70 4398059570 1424983816.1620 5220 UofM_
47491268870 -65 4398059557 1424983816.1620 2462 _
47491268864 -64 4398059546 1424983816.1620 2462 UofM_
47491268868 -64 4398059552 1424983816.1620 2462 UofM_Guest_
47492007872 -74 4393778714 1424983816.1620 2412 UofM_
47491268866 -67 4398059566 1424983816.1620 2462 UofM_Secure_
47491268872 -66 4398059562 1424983816.1620 2462 eduroam_
47491473984 -80 4398059469 1424983816.1620 2437 UofM_
47491959232 -84 4398059495 1424983816.1620 2437 UofM_
47491473986 -78 4398059522 1424983816.1620 2437 UofM_Secure_
211938385015607 -85 4398059541 1424983816.1620 2437 HS-HOME-NET_
47491473992 -83 4398059535 1424983816.1620 2437 eduroam_
9354243434184 -86 4398059487 1424983816.1620 2437 eduroam_
47491268871 -75 4398059602 1424983816.1620 5785 _
47491473990 -80 4398059529 1424983816.1620 2437 _
47491473988 -81 4398059474 1424983816.1620 2437 UofM_Guest_
9354243434176 -84 4398059464 1424983816.1620 2437 UofM_
9354243434182 -83 4398059480 1424983816.1620 2437 _
47492007881 -70 4398059581 1424983816.1620 5220 eduroam_
84207466584968 -86 4398059452 1424983816.1620 2412 eduroam_
47492007877 -68 4398059578 1424983816.1620 5220 UofM_Guest_
211938385015619 -89 4398059514 1424983816.1620 2437 viro2_
47492007874 -71 4393778720 1424983816.1620 2412 UofM_Secure_
47492007880 -80 4398059459 1424983816.1620 2412 eduroam_
84207466584962 -82 4393778684 1424983816.1620 2412 UofM_Secure_
47493331336 -82 4393778855 1424983816.1620 2462 eduroam_
211938385015055 -83 4393778799 1424983816.1620 2437 viro-geni-1_
47492007879 -75 4398059584 1424983816.1620 5220 _
47492007876 -75 4393778726 1424983816.1620 2412 UofM_Guest_
47492007878 -80 4398059456 1424983816.1620 2412 _
9354243434181 -81 4393778930 1424983816.1620 5785 UofM_Guest_
47491959236 -77 4393778807 1424983816.1620 2437 UofM_Guest_
47493331334 -83 4393778848 1424983816.1620 2462 _
84207466584960 -86 4398059448 1424983816.1620 2412 UofM_
47493331328 -84 4393778836 1424983816.1620 2462 UofM_
47493331332 -85 4393778841 1424983816.1620 2462 UofM_Guest_
84207466584966 -88 4393778698 1424983816.1620 2412 _
84207466584964 -90 4393778691 1424983816.1620 2412 UofM_Guest_
