162797488891936 -81 4814921550 1424984232.9850 2437 viro-geni-2_
47492007872 -73 4814921545 1424984232.9850 2412 UofM_
47492007876 -79 4811325519 1424984232.9850 2412 UofM_Guest_
47492007878 -79 4811325521 1424984232.9850 2412 _
47492007880 -81 4811325524 1424984232.9850 2412 eduroam_
47492007874 -77 4811325516 1424984232.9850 2412 UofM_Secure_
47491959232 -77 4814921557 1424984232.9850 2437 UofM_
84207466584962 -73 4811325533 1424984232.9850 2412 UofM_Secure_
84207466584968 -75 4814921542 1424984232.9850 2412 eduroam_
84207466584966 -70 4814921538 1424984232.9850 2412 _
84207466584964 -71 4814921535 1424984232.9850 2412 UofM_Guest_
114896623892006 -69 4814921564 1424984232.9850 2437 NAO_
189441481137416 -79 4811325567 1424984232.9850 2437 eduroam_
47491460552 -82 4814921583 1424984232.9850 2462 eduroam_
84207466584960 -73 4814921531 1424984232.9850 2412 UofM_
47491959238 -87 4814921572 1424984232.9850 2437 _
189441481137412 -81 4811325562 1424984232.9850 2437 UofM_Guest_
47491460548 -81 4814921580 1424984232.9850 2462 UofM_Guest_
189441481137414 -81 4811325557 1424984232.9850 2437 _
47491460544 -80 4814921576 1424984232.9850 2462 UofM_
47491959240 -79 4814921561 1424984232.9850 2437 eduroam_
47491959236 -84 4814921568 1424984232.9850 2437 UofM_Guest_
47491460546 -76 4811325578 1424984232.9850 2462 UofM_Secure_
189441481137410 -79 4811325569 1424984232.9850 2437 UofM_Secure_
47491460550 -78 4811325587 1424984232.9850 2462 _
189441481137408 -80 4814921553 1424984232.9850 2437 UofM_
47493331331 -78 4814921596 1424984232.9850 5180 UofM_Secure_
47493331336 -88 4814921589 1424984232.9850 2462 eduroam_
47493331329 -79 4814921592 1424984232.9850 5180 UofM_
47493331332 -87 4814921586 1424984232.9850 2462 UofM_Guest_
