47491959240 -78 3914336172 1424983332.3980 2437 eduroam_
47491959232 -80 3914336200 1424983332.3980 2437 UofM_
47491959236 -80 3914336203 1424983332.3980 2437 UofM_Guest_
47491959238 -81 3914336207 1424983332.3980 2437 _
47491959235 -84 3914336211 1424983332.3980 5180 UofM_Secure_
114896623892006 -79 3914336179 1424983332.3980 2437 NAO_
189441478786246 -81 3910570580 1424983332.3980 2412 _
189441478786240 -81 3910570572 1424983332.3980 2412 UofM_
47491460546 -65 3910570615 1424983332.3980 2462 UofM_Secure_
47491460552 -70 3910570624 1424983332.3980 2462 eduroam_
47491460548 -70 3910570619 1424983332.3980 2462 UofM_Guest_
47491460544 -71 3910570610 1424983332.3980 2462 UofM_
189441478786244 -81 3910570576 1424983332.3980 2412 UofM_Guest_
47491460547 -81 3910570634 1424983332.3980 5240 UofM_Secure_
84207466584962 -78 3914336157 1424983332.3980 2412 UofM_Secure_
84207466584968 -79 3914336168 1424983332.3980 2412 eduroam_
189441481137416 -80 3914336197 1424983332.3980 2437 eduroam_
47491460545 -82 3910570629 1424983332.3980 5240 UofM_
84207466584960 -79 3914336154 1424983332.3980 2412 UofM_
47491460549 -83 3910570640 1424983332.3980 5240 UofM_Guest_
84207466584964 -80 3914336161 1424983332.3980 2412 UofM_Guest_
84207466584966 -79 3914336164 1424983332.3980 2412 _
189441481137414 -79 3914336193 1424983332.3980 2437 _
47491268867 -77 3914336233 1424983332.3980 5785 UofM_Secure_
47491268873 -79 3914336240 1424983332.3980 5785 eduroam_
47493331331 -82 3914336218 1424983332.3980 5180 UofM_Secure_
47493331337 -82 3914336226 1424983332.3980 5180 eduroam_
189441481137410 -78 3914336186 1424983332.3980 2437 UofM_Secure_
162797488891936 -85 3914336175 1424983332.3980 2437 viro-geni-2_
47491268869 -77 3914336237 1424983332.3980 5785 UofM_Guest_
47491268865 -77 3914336229 1424983332.3980 5785 UofM_
47491268871 -79 3914336244 1424983332.3980 5785 _
47493331329 -80 3914336215 1424983332.3980 5180 UofM_
47493331335 -82 3914336222 1424983332.3980 5180 _
189441481137408 -80 3914336182 1424983332.3980 2437 UofM_
189441481137412 -81 3914336189 1424983332.3980 2437 UofM_Guest_
