47491268867 -69 4733130126 1424984151.3140 5785 UofM_Secure_
47491268873 -65 4733130117 1424984151.3140 5785 eduroam_
47491268865 -67 4733130121 1424984151.3140 5785 UofM_
47491268869 -66 4733130135 1424984151.3140 5785 UofM_Guest_
47491959234 -76 4724324309 1424984151.3140 2437 UofM_Secure_
47492007880 -82 4733130078 1424984151.3140 2412 eduroam_
47491268871 -69 4733130113 1424984151.3140 5785 _
47492007881 -78 4729789165 1424984151.3140 5220 eduroam_
47492007875 -77 4729789154 1424984151.3140 5220 UofM_Secure_
211938385015607 -73 4733130089 1424984151.3140 2437 HS-HOME-NET_
162797488891936 -68 4733130082 1424984151.3140 2437 viro-geni-2_
47492007873 -80 4729789148 1424984151.3140 5220 UofM_
47492007877 -77 4729789160 1424984151.3140 5220 UofM_Guest_
211938385015619 -82 4733130085 1424984151.3140 2437 viro2_
84207466584964 -87 4733130051 1424984151.3140 2412 UofM_Guest_
47493331332 -84 4729789137 1424984151.3140 2462 UofM_Guest_
84207466584962 -79 4733130046 1424984151.3140 2412 UofM_Secure_
84207466584968 -84 4733130055 1424984151.3140 2412 eduroam_
47493331336 -85 4729789143 1424984151.3140 2462 eduroam_
211938385015055 -82 4733130093 1424984151.3140 2437 viro-geni-1_
2297084420154 -81 4729788873 1424984151.3140 2412 DIRECT-_
47492007872 -77 4733130064 1424984151.3140 2412 UofM_
47492007876 -80 4733130071 1424984151.3140 2412 UofM_Guest_
47492007878 -80 4733130074 1424984151.3140 2412 _
84207466584960 -84 4733130042 1424984151.3140 2412 UofM_
84207466584966 -83 4733130059 1424984151.3140 2412 _
47493331328 -85 4729789131 1424984151.3140 2462 UofM_
47491959238 -88 4729788862 1424984151.3140 2437 _
47492007874 -74 4733130067 1424984151.3140 2412 UofM_Secure_
47491268872 -80 4733130109 1424984151.3140 2462 eduroam_
47491268864 -76 4733130097 1424984151.3140 2462 UofM_
47491268868 -78 4733130101 1424984151.3140 2462 UofM_Guest_
47491268870 -79 4733130104 1424984151.3140 2462 _
