162797488891936 -66 4832879819 1424984250.9420 2437 viro-geni-2_
47492007872 -79 4832879812 1424984250.9420 2412 UofM_
47492007880 -80 4832879800 1424984250.9420 2412 eduroam_
47493331331 -75 4832879852 1424984250.9420 5180 UofM_Secure_
47493331329 -73 4832879847 1424984250.9420 5180 UofM_
211938385015607 -74 4832879808 1424984250.9420 2437 HS-HOME-NET_
211938385015055 -81 4832879815 1424984250.9420 2437 viro-geni-1_
47493331337 -73 4832879859 1424984250.9420 5180 eduroam_
162797488891937 -69 4832879864 1424984250.9420 5765 Linksys19141_5GHz_
47492007878 -74 4829255567 1424984250.9420 2412 _
47493331333 -74 4832879856 1424984250.9420 5180 UofM_Guest_
211938385015619 -68 4832879824 1424984250.9420 2437 viro2_
47491268872 -86 4832879842 1424984250.9420 2462 eduroam_
47491268864 -86 4832879827 1424984250.9420 2462 UofM_
47491268868 -84 4832879832 1424984250.9420 2462 UofM_Guest_
47491268866 -76 4829255622 1424984250.9420 2462 UofM_Secure_
2297084420154 -80 4829255561 1424984250.9420 2412 DIRECT-_
47491268870 -85 4832879837 1424984250.9420 2462 _
47493331332 -82 4829255609 1424984250.9420 2462 UofM_Guest_
47493331328 -85 4829255604 1424984250.9420 2462 UofM_
47491269568 -83 4832879804 1424984250.9420 2412 UofM_
