114896623892006 -86 4335273653 1424983753.3440 2437 NAO_
47491268872 -85 4321285155 1424983753.3440 2462 eduroam_
47491268868 -84 4321285148 1424983753.3440 2462 UofM_Guest_
47491959236 -60 4335273637 1424983753.3440 2437 UofM_Guest_
47491959240 -62 4335273647 1424983753.3440 2437 eduroam_
47491959238 -63 4335273643 1424983753.3440 2437 _
47491959235 -75 4335273732 1424983753.3440 5180 UofM_Secure_
47491959241 -74 4335273740 1424983753.3440 5180 eduroam_
47491959233 -75 4335273726 1424983753.3440 5180 UofM_
47491959237 -75 4335273735 1424983753.3440 5180 UofM_Guest_
47491959232 -59 4335273631 1424983753.3440 2437 UofM_
47491959234 -62 4335273659 1424983753.3440 2437 UofM_Secure_
189441478786248 -82 4335273621 1424983753.3440 2412 eduroam_
189441478786240 -80 4321285101 1424983753.3440 2412 UofM_
47491268870 -86 4321285151 1424983753.3440 2462 _
47491268867 -71 4321285194 1424983753.3440 5785 UofM_Secure_
47491268873 -72 4321285203 1424983753.3440 5785 eduroam_
189441478786242 -77 4321285104 1424983753.3440 2412 UofM_Secure_
9608971665516 -79 4335273593 1424983753.3440 2412 UNITE-C06C_
47491460552 -90 4321285165 1424983753.3440 2462 eduroam_
47491959239 -75 4335273744 1424983753.3440 5180 _
47491268869 -70 4321285198 1424983753.3440 5785 UofM_Guest_
47491268865 -72 4321285189 1424983753.3440 5785 UofM_
189441478786245 -83 4321285207 1424983753.3440 5805 UofM_Guest_
189441478786244 -79 4321285108 1424983753.3440 2412 UofM_Guest_
189441478786246 -84 4335273626 1424983753.3440 2412 _
47491460548 -86 4321285158 1424983753.3440 2462 UofM_Guest_
47491460550 -87 4321285162 1424983753.3440 2462 _
47491463108 -78 4335273605 1424983753.3440 2412 UofM_Guest_
47494398600 -68 4335273696 1424983753.3440 2462 eduroam_
47494398594 -72 4335273704 1424983753.3440 2462 UofM_Secure_
47491272008 -78 4335273677 1424983753.3440 2437 eduroam_
47491463106 -79 4335273599 1424983753.3440 2412 UofM_Secure_
71145876123144 -80 4335273722 1424983753.3440 2462 eduroam_
71145876123138 -81 4335273713 1424983753.3440 2462 UofM_Secure_
47491463112 -82 4335273610 1424983753.3440 2412 eduroam_
47494398596 -66 4335273687 1424983753.3440 2462 UofM_Guest_
47494398592 -68 4335273682 1424983753.3440 2462 UofM_
47494398598 -69 4335273691 1424983753.3440 2462 _
47491272000 -77 4335273662 1424983753.3440 2437 UofM_
47491272004 -77 4335273667 1424983753.3440 2437 UofM_Guest_
47491272006 -79 4335273673 1424983753.3440 2437 _
71145876123140 -82 4335273700 1424983753.3440 2462 UofM_Guest_
47491463104 -83 4335273615 1424983753.3440 2412 UofM_
71145876123136 -83 4335273709 1424983753.3440 2462 UofM_
71145876123142 -86 4335273717 1424983753.3440 2462 _
