162797488891936 -82 4398059505 1424983828.5870 2437 viro-geni-2_
47491268873 -48 4410521822 1424983828.5870 5785 eduroam_
47491268867 -49 4410521815 1424983828.5870 5785 UofM_Secure_
47492007875 -70 4398059574 1424983828.5870 5220 UofM_Secure_
47491268865 -48 4410521812 1424983828.5870 5785 UofM_
47491268869 -48 4410521819 1424983828.5870 5785 UofM_Guest_
47492007873 -70 4398059570 1424983828.5870 5220 UofM_
47491268870 -55 4410521778 1424983828.5870 2462 _
47491268864 -46 4410521760 1424983828.5870 2462 UofM_
47491268868 -51 4410521786 1424983828.5870 2462 UofM_Guest_
47491268866 -57 4410521791 1424983828.5870 2462 UofM_Secure_
47491268872 -54 4410521782 1424983828.5870 2462 eduroam_
47491473984 -80 4398059469 1424983828.5870 2437 UofM_
47491959232 -70 4410521775 1424983828.5870 2437 UofM_
47491473986 -78 4398059522 1424983828.5870 2437 UofM_Secure_
211938385015607 -85 4398059541 1424983828.5870 2437 HS-HOME-NET_
47491473992 -76 4410521756 1424983828.5870 2437 eduroam_
9354243434184 -86 4398059487 1424983828.5870 2437 eduroam_
47491268871 -75 4398059602 1424983828.5870 5785 _
47491473990 -75 4410521766 1424983828.5870 2437 _
47491473988 -71 4410521763 1424983828.5870 2437 UofM_Guest_
9354243434176 -84 4398059464 1424983828.5870 2437 UofM_
9354243434182 -83 4398059480 1424983828.5870 2437 _
47492007881 -70 4398059581 1424983828.5870 5220 eduroam_
84207466584968 -86 4398059452 1424983828.5870 2412 eduroam_
47492007877 -68 4398059578 1424983828.5870 5220 UofM_Guest_
211938385015619 -89 4398059514 1424983828.5870 2437 viro2_
47492007880 -80 4398059459 1424983828.5870 2412 eduroam_
47492007879 -75 4398059584 1424983828.5870 5220 _
47492007878 -80 4398059456 1424983828.5870 2412 _
84207466584960 -86 4398059448 1424983828.5870 2412 UofM_
47491959235 -74 4410521800 1424983828.5870 5180 UofM_Secure_
47491959241 -77 4410521808 1424983828.5870 5180 eduroam_
47491959237 -76 4410521804 1424983828.5870 5180 UofM_Guest_
47491959233 -77 4410521796 1424983828.5870 5180 UofM_
47491271492 -81 4410521771 1424983828.5870 2437 UofM_Guest_
