47492007880 -84 3856751892 1424983278.5690 2412 eduroam_
47491959240 -69 3860509976 1424983278.5690 2437 eduroam_
84207466584964 -79 3856751940 1424983278.5690 2412 UofM_Guest_
47491959232 -68 3860509966 1424983278.5690 2437 UofM_
47491959236 -69 3860509969 1424983278.5690 2437 UofM_Guest_
84207466584966 -80 3856751946 1424983278.5690 2412 _
47491959238 -68 3860509972 1424983278.5690 2437 _
114896623892006 -79 3860509962 1424983278.5690 2437 NAO_
189441481137414 -78 3856751966 1424983278.5690 2437 _
84207466584960 -89 3856751898 1424983278.5690 2412 UofM_
189441481137412 -82 3856751993 1424983278.5690 2437 UofM_Guest_
47491959235 -68 3860509979 1424983278.5690 5180 UofM_Secure_
47491959241 -71 3860509990 1424983278.5690 5180 eduroam_
84207466584968 -91 3856751907 1424983278.5690 2412 eduroam_
47491460552 -73 3856752072 1424983278.5690 2462 eduroam_
47491959239 -73 3860509993 1424983278.5690 5180 _
47491959237 -72 3860509986 1424983278.5690 5180 UofM_Guest_
47491959233 -71 3860509983 1424983278.5690 5180 UofM_
47491460548 -76 3856752059 1424983278.5690 2462 UofM_Guest_
47491460544 -77 3856752055 1424983278.5690 2462 UofM_
189441481137408 -85 3856752048 1424983278.5690 2437 UofM_
47491460550 -77 3856752065 1424983278.5690 2462 _
47492007876 -83 3856751886 1424983278.5690 2412 UofM_Guest_
189441478786240 -82 3856751915 1424983278.5690 2412 UofM_
189441478786244 -80 3856751921 1424983278.5690 2412 UofM_Guest_
47491460546 -73 3856752080 1424983278.5690 2462 UofM_Secure_
47491959234 -73 3856752043 1424983278.5690 2437 UofM_Secure_
189441478786248 -82 3860509958 1424983278.5690 2412 eduroam_
189441478786246 -86 3860509955 1424983278.5690 2412 _
47492007872 -84 3856751879 1424983278.5690 2412 UofM_
47491268867 -76 3860510021 1424983278.5690 5785 UofM_Secure_
47491268873 -76 3860510032 1424983278.5690 5785 eduroam_
47491268869 -75 3860510026 1424983278.5690 5785 UofM_Guest_
47491268871 -76 3860510037 1424983278.5690 5785 _
47491268865 -77 3860509997 1424983278.5690 5785 UofM_
