47491272326 -65 4574403239 1424983992.4790 2412 _
189441481136070 -66 4574403257 1424983992.4790 2437 _
189441481136065 -62 4574403245 1424983992.4790 5765 UofM_
189441481136064 -63 4574403251 1424983992.4790 2437 UofM_
47491272320 -65 4574403233 1424983992.4790 2412 UofM_
47491272329 -72 4574403337 1424983992.4790 5745 eduroam_
47491268866 -80 4574403302 1424983992.4790 2462 UofM_Secure_
47491272323 -74 4574403320 1424983992.4790 5745 UofM_Secure_
47491271490 -78 4559892949 1424983992.4790 2437 UofM_Secure_
47491268872 -81 4574403290 1424983992.4790 2462 eduroam_
47491271496 -80 4559892924 1424983992.4790 2437 eduroam_
47494398600 -87 4559893032 1424983992.4790 2462 eduroam_
47489366216 -88 4559892919 1424983992.4790 2412 eduroam_
47491272321 -74 4574403311 1424983992.4790 5745 UofM_
47491268868 -85 4574403279 1424983992.4790 2462 UofM_Guest_
47491272325 -73 4574403328 1424983992.4790 5745 UofM_Guest_
47491268864 -82 4574403274 1424983992.4790 2462 UofM_
47491271488 -77 4559892942 1424983992.4790 2437 UofM_
47491268870 -87 4574403285 1424983992.4790 2462 _
47491271494 -79 4559892936 1424983992.4790 2437 _
47491271492 -79 4559892955 1424983992.4790 2437 UofM_Guest_
47494398596 -83 4559892994 1424983992.4790 2462 UofM_Guest_
47494398598 -84 4559893038 1424983992.4790 2462 _
47489366208 -86 4559892902 1424983992.4790 2412 UofM_
47494398592 -86 4574403296 1424983992.4790 2462 UofM_
189441481136068 -63 4574403263 1424983992.4790 2437 UofM_Guest_
47489366212 -89 4559892909 1424983992.4790 2412 UofM_Guest_
189441481136072 -61 4574403268 1424983992.4790 2437 eduroam_
47491268867 -72 4574403380 1424983992.4790 5785 UofM_Secure_
47491268873 -73 4574403399 1424983992.4790 5785 eduroam_
189441481136067 -76 4574403351 1424983992.4790 5765 UofM_Secure_
189441481136073 -77 4574403364 1424983992.4790 5765 eduroam_
47491268865 -72 4574403371 1424983992.4790 5785 UofM_
47491268869 -74 4574403389 1424983992.4790 5785 UofM_Guest_
189441481136069 -77 4574403357 1424983992.4790 5765 UofM_Guest_
