47491272324 -80 4556534149 1424983977.9980 2412 UofM_Guest_
47491272328 -79 4556534159 1424983977.9980 2412 eduroam_
47491272326 -81 4556534154 1424983977.9980 2412 _
189441481136070 -80 4554639884 1424983977.9980 2437 _
189441481136065 -72 4550886442 1424983977.9980 5765 UofM_
47491272322 -78 4554639857 1424983977.9980 2412 UofM_Secure_
189441481136064 -84 4554639877 1424983977.9980 2437 UofM_
47491272320 -79 4556534140 1424983977.9980 2412 UofM_
47491272329 -77 4559893072 1424983977.9980 5745 eduroam_
47491268866 -75 4559893043 1424983977.9980 2462 UofM_Secure_
47491272323 -81 4559893056 1424983977.9980 5745 UofM_Secure_
47491271490 -78 4559892949 1424983977.9980 2437 UofM_Secure_
47491268872 -78 4559892981 1424983977.9980 2462 eduroam_
47491271496 -80 4559892924 1424983977.9980 2437 eduroam_
47494398600 -87 4559893032 1424983977.9980 2462 eduroam_
47489366216 -88 4559892919 1424983977.9980 2412 eduroam_
47491272321 -80 4559893048 1424983977.9980 5745 UofM_
47491268868 -76 4559892968 1424983977.9980 2462 UofM_Guest_
47491272325 -81 4559893065 1424983977.9980 5745 UofM_Guest_
47491268864 -77 4559892961 1424983977.9980 2462 UofM_
47491271488 -77 4559892942 1424983977.9980 2437 UofM_
47491268870 -79 4559892973 1424983977.9980 2462 _
47491271494 -79 4559892936 1424983977.9980 2437 _
47491271492 -79 4559892955 1424983977.9980 2437 UofM_Guest_
47494398596 -83 4559892994 1424983977.9980 2462 UofM_Guest_
47494398598 -84 4559893038 1424983977.9980 2462 _
47489366208 -86 4559892902 1424983977.9980 2412 UofM_
47494398592 -87 4559892989 1424983977.9980 2462 UofM_
189441481136068 -87 4559892931 1424983977.9980 2437 UofM_Guest_
47489366212 -89 4559892909 1424983977.9980 2412 UofM_Guest_
