47491268873 -65 4424857977 1424983842.9220 5785 eduroam_
47491268867 -65 4424857970 1424983842.9220 5785 UofM_Secure_
47491268865 -64 4424857966 1424983842.9220 5785 UofM_
47491268869 -65 4424857973 1424983842.9220 5785 UofM_Guest_
47491268870 -69 4424857944 1424983842.9220 2462 _
47491268864 -62 4424857904 1424983842.9220 2462 UofM_
47491268868 -69 4424857939 1424983842.9220 2462 UofM_Guest_
47491268866 -58 4421297386 1424983842.9220 2462 UofM_Secure_
47491268872 -66 4424857949 1424983842.9220 2462 eduroam_
47491959235 -76 4421297398 1424983842.9220 5180 UofM_Secure_
47491959241 -74 4421297405 1424983842.9220 5180 eduroam_
47491959237 -74 4421297401 1424983842.9220 5180 UofM_Guest_
47491959233 -74 4421297394 1424983842.9220 5180 UofM_
47491271492 -85 4424857909 1424983842.9220 2437 UofM_Guest_
47491271497 -68 4421297424 1424983842.9220 5220 eduroam_
47491271491 -69 4421297418 1424983842.9220 5220 UofM_Secure_
47491271496 -86 4424857915 1424983842.9220 2437 eduroam_
47491959239 -73 4421297410 1424983842.9220 5180 _
47491271489 -71 4421297414 1424983842.9220 5220 UofM_
47491271488 -84 4424857907 1424983842.9220 2437 UofM_
47491271494 -85 4424857912 1424983842.9220 2437 _
47491271493 -69 4421297421 1424983842.9220 5220 UofM_Guest_
47491271495 -70 4421297428 1424983842.9220 5220 _
47491959236 -74 4421297373 1424983842.9220 2437 UofM_Guest_
189441481136064 -75 4424857921 1424983842.9220 2437 UofM_
189441481136070 -74 4424857932 1424983842.9220 2437 _
189441481136068 -82 4424857928 1424983842.9220 2437 UofM_Guest_
189441481136072 -75 4424857935 1424983842.9220 2437 eduroam_
189441481136067 -83 4424857960 1424983842.9220 5765 UofM_Secure_
189441481136066 -79 4424857924 1424983842.9220 2437 UofM_Secure_
47491959240 -83 4424857918 1424983842.9220 2437 eduroam_
189441481136065 -78 4424857953 1424983842.9220 5765 UofM_
47491272320 -84 4424857901 1424983842.9220 2412 UofM_
47491463104 -88 4424857898 1424983842.9220 2412 UofM_
