47491272320 -82 4105002954 1424983526.5420 2412 UofM_
47491272323 -76 4105002966 1424983526.5420 5745 UofM_Secure_
47491272328 -84 4105002961 1424983526.5420 2412 eduroam_
47491272324 -82 4105002958 1424983526.5420 2412 UofM_Guest_
189441481136068 -86 4108484553 1424983526.5420 2437 UofM_Guest_
189441481136072 -85 4108484562 1424983526.5420 2437 eduroam_
189441481136066 -79 4105002981 1424983526.5420 2437 UofM_Secure_
189441481136070 -81 4105003025 1424983526.5420 2437 _
189441481136064 -85 4108484544 1424983526.5420 2437 UofM_
47491268867 -72 4108484577 1424983526.5420 5785 UofM_Secure_
47491268873 -73 4108484591 1424983526.5420 5785 eduroam_
47491268865 -71 4108484566 1424983526.5420 5785 UofM_
47491268869 -72 4108484585 1424983526.5420 5785 UofM_Guest_
47491268871 -72 4108484600 1424983526.5420 5785 _
