189441481136064 -61 4463036167 1424983881.1000 2437 UofM_
189441481136065 -68 4463036210 1424983881.1000 5765 UofM_
189441481136073 -68 4463036223 1424983881.1000 5765 eduroam_
189441481136069 -65 4463036218 1424983881.1000 5765 UofM_Guest_
47494398596 -76 4459431621 1424983881.1000 2462 UofM_Guest_
47494398600 -77 4459431627 1424983881.1000 2462 eduroam_
189441481136067 -67 4463036214 1424983881.1000 5765 UofM_Secure_
47494398592 -74 4459431610 1424983881.1000 2462 UofM_
189441481136072 -62 4463036182 1424983881.1000 2437 eduroam_
189441481136070 -59 4463036176 1424983881.1000 2437 _
189441481136068 -58 4463036172 1424983881.1000 2437 UofM_Guest_
47491272324 -51 4463036149 1424983881.1000 2412 UofM_Guest_
189441481136066 -57 4463036163 1424983881.1000 2437 UofM_Secure_
47491272322 -56 4463036145 1424983881.1000 2412 UofM_Secure_
47491272328 -54 4463036159 1424983881.1000 2412 eduroam_
47491272320 -52 4463036140 1424983881.1000 2412 UofM_
47491272326 -53 4463036154 1424983881.1000 2412 _
47491272323 -50 4463036190 1424983881.1000 5745 UofM_Secure_
47491272329 -52 4463036200 1424983881.1000 5745 eduroam_
47494398594 -77 4459431615 1424983881.1000 2462 UofM_Secure_
47491272325 -54 4463036195 1424983881.1000 5745 UofM_Guest_
47491272321 -52 4463036186 1424983881.1000 5745 UofM_
47491268873 -76 4459431703 1424983881.1000 5785 eduroam_
47491268867 -78 4459431690 1424983881.1000 5785 UofM_Secure_
47491272327 -55 4463036204 1424983881.1000 5745 _
47491268869 -76 4459431696 1424983881.1000 5785 UofM_Guest_
47491268865 -76 4459431681 1424983881.1000 5785 UofM_
47491268871 -77 4459431709 1424983881.1000 5785 _
