47491269570 -61 3815275429 1424983233.3360 2412 UofM_Secure_
211938385015607 -48 3815275451 1424983233.3360 2437 HS-HOME-NET_
162797488891936 -56 3815275441 1424983233.3360 2437 viro-geni-2_
162797488891937 -51 3815275526 1424983233.3360 5765 Linksys19141_5GHz_
211938385015055 -62 3815275422 1424983233.3360 2437 viro-geni-1_
47491269576 -68 3811612432 1424983233.3360 2412 eduroam_
47491269571 -75 3815275504 1424983233.3360 5220 UofM_Secure_
47491269577 -75 3815275513 1424983233.3360 5220 eduroam_
2297084420154 -63 3815275406 1424983233.3360 2412 DIRECT-_
211938385015619 -45 3815275435 1424983233.3360 2437 viro2_
47491269568 -61 3815275411 1424983233.3360 2412 UofM_
47491269572 -60 3815275416 1424983233.3360 2412 UofM_Guest_
47491269573 -73 3815275508 1424983233.3360 5220 UofM_Guest_
47491269569 -73 3815275500 1424983233.3360 5220 UofM_
47493331337 -70 3815275495 1424983233.3360 5180 eduroam_
47493331331 -72 3815275488 1424983233.3360 5180 UofM_Secure_
47493331329 -71 3815275484 1424983233.3360 5180 UofM_
47493331333 -72 3815275492 1424983233.3360 5180 UofM_Guest_
47493331336 -78 3815275476 1424983233.3360 2462 eduroam_
47493331328 -74 3811612453 1424983233.3360 2462 UofM_
47493331332 -77 3815275467 1424983233.3360 2462 UofM_Guest_
47493331334 -74 3815275472 1424983233.3360 2462 _
47491268424 -90 3811612478 1424983233.3360 2462 eduroam_
47491269575 -74 3815275519 1424983233.3360 5220 _
47491268416 -86 3811612466 1424983233.3360 2462 UofM_
47491268420 -88 3815275480 1424983233.3360 2462 UofM_Guest_
47491268422 -87 3811612474 1424983233.3360 2462 _
47491271496 -85 3815275460 1424983233.3360 2437 eduroam_
47491271488 -81 3815275446 1424983233.3360 2437 UofM_
47491271494 -85 3815275456 1424983233.3360 2437 _
