114896623892006 -73 4376666074 1424983794.7290 2437 NAO_
47491959232 -77 4373011300 1424983794.7290 2437 UofM_
47491959234 -78 4373011222 1424983794.7290 2437 UofM_Secure_
189441481137416 -87 4376666109 1424983794.7290 2437 eduroam_
189441481137412 -89 4376666102 1424983794.7290 2437 UofM_Guest_
189441481137414 -83 4373011348 1424983794.7290 2437 _
189441481137408 -86 4376666095 1424983794.7290 2437 UofM_
189441481137410 -78 4373011329 1424983794.7290 2437 UofM_Secure_
84207466584962 -67 4376666041 1424983794.7290 2412 UofM_Secure_
162797488891936 -70 4376666080 1424983794.7290 2437 viro-geni-2_
47492007880 -79 4376666068 1424983794.7290 2412 eduroam_
84207466584968 -68 4376666046 1424983794.7290 2412 eduroam_
47492007878 -77 4376666063 1424983794.7290 2412 _
84207466584966 -75 4373011254 1424983794.7290 2412 _
47493331332 -83 4373011375 1424983794.7290 2462 UofM_Guest_
84207466584964 -71 4373011245 1424983794.7290 2412 UofM_Guest_
84207466584960 -68 4376666036 1424983794.7290 2412 UofM_
47493331328 -84 4373011367 1424983794.7290 2462 UofM_
211938385015619 -82 4376666085 1424983794.7290 2437 viro2_
47491268873 -59 4376666173 1424983794.7290 5785 eduroam_
47491268867 -61 4376666158 1424983794.7290 5785 UofM_Secure_
47492007881 -76 4376666146 1424983794.7290 5220 eduroam_
47492007875 -76 4376666136 1424983794.7290 5220 UofM_Secure_
47491268865 -59 4376666154 1424983794.7290 5785 UofM_
47491268869 -60 4376666164 1424983794.7290 5785 UofM_Guest_
47492007873 -75 4376666131 1424983794.7290 5220 UofM_
47492007877 -76 4376666141 1424983794.7290 5220 UofM_Guest_
47493331329 -82 4373011416 1424983794.7290 5180 UofM_
47493331333 -82 4373011427 1424983794.7290 5180 UofM_Guest_
47491268870 -84 4376666126 1424983794.7290 2462 _
47491268864 -78 4376666115 1424983794.7290 2462 UofM_
47491268868 -81 4376666120 1424983794.7290 2462 UofM_Guest_
211938385015607 -69 4376666090 1424983794.7290 2437 HS-HOME-NET_
47492007876 -75 4376666057 1424983794.7290 2412 UofM_Guest_
47492007872 -78 4376666052 1424983794.7290 2412 UofM_
