47491268866 -76 4264421265 1424983686.1530 2462 UofM_Secure_
47491268864 -87 4268007508 1424983686.1530 2462 UofM_
47492007880 -86 4268086872 1424983686.1530 2412 eduroam_
47492007876 -84 4268007443 1424983686.1530 2412 UofM_Guest_
47492007878 -88 4268086865 1424983686.1530 2412 _
211938385015607 -72 4268007484 1424983686.1530 2437 HS-HOME-NET_
162797488891936 -66 4268007496 1424983686.1530 2437 viro-geni-2_
47493331337 -74 4268007565 1424983686.1530 5180 eduroam_
47493331331 -75 4268007553 1424983686.1530 5180 UofM_Secure_
47493331330 -75 4268007542 1424983686.1530 2462 UofM_Secure_
47493331333 -73 4268007559 1424983686.1530 5180 UofM_Guest_
47493331329 -75 4268007547 1424983686.1530 5180 UofM_
47493331334 -78 4268007532 1424983686.1530 2462 _
47493331332 -77 4268007524 1424983686.1530 2462 UofM_Guest_
162797488891937 -64 4268007571 1424983686.1530 5765 Linksys19141_5GHz_
211938385015055 -77 4268007490 1424983686.1530 2437 viro-geni-1_
211938385015619 -68 4268007476 1424983686.1530 2437 viro2_
47492007872 -84 4268007436 1424983686.1530 2412 UofM_
47491269568 -81 4268007465 1424983686.1530 2412 UofM_
47493331336 -76 4268007537 1424983686.1530 2462 eduroam_
114896623892006 -85 4268007502 1424983686.1530 2437 NAO_
2297084420154 -74 4268007430 1424983686.1530 2412 DIRECT-_
47493331328 -77 4268007516 1424983686.1530 2462 UofM_
