47491959240 -69 3885627495 1424983303.6860 2437 eduroam_
47491959232 -68 3885627483 1424983303.6860 2437 UofM_
47491959236 -69 3885627473 1424983303.6860 2437 UofM_Guest_
47491959238 -67 3885627489 1424983303.6860 2437 _
47491959235 -73 3885627501 1424983303.6860 5180 UofM_Secure_
47491959241 -74 3885627518 1424983303.6860 5180 eduroam_
47491959237 -75 3885627512 1424983303.6860 5180 UofM_Guest_
47491959233 -75 3885627507 1424983303.6860 5180 UofM_
9608971665516 -83 3885627468 1424983303.6860 2412 UNITE-C06C_
189441478786242 -74 3882043247 1424983303.6860 2412 UofM_Secure_
47491272008 -82 3882043269 1424983303.6860 2437 eduroam_
189441478786248 -83 3885627452 1424983303.6860 2412 eduroam_
189441478786240 -81 3882043244 1424983303.6860 2412 UofM_
47491272004 -82 3882043262 1424983303.6860 2437 UofM_Guest_
47491272000 -83 3882043258 1424983303.6860 2437 UofM_
47491272006 -83 3882043265 1424983303.6860 2437 _
47491463112 -77 3885627463 1424983303.6860 2412 eduroam_
114896623892006 -87 3885627478 1424983303.6860 2437 NAO_
47491463104 -79 3885627458 1424983303.6860 2412 UofM_
189441478786244 -83 3885627442 1424983303.6860 2412 UofM_Guest_
189441478786246 -87 3885627447 1424983303.6860 2412 _
