47491268867 -55 3954323263 1424983372.3930 5785 UofM_Secure_
47491268873 -55 3954323274 1424983372.3930 5785 eduroam_
47491268869 -57 3954323268 1424983372.3930 5785 UofM_Guest_
47491268865 -54 3954323257 1424983372.3930 5785 UofM_
47492007874 -77 3954323225 1424983372.3930 2412 UofM_Secure_
47492007880 -82 3950746727 1424983372.3930 2412 eduroam_
47492007878 -83 3950746723 1424983372.3930 2412 _
47491268872 -69 3954323244 1424983372.3930 2462 eduroam_
47491268864 -70 3954323249 1424983372.3930 2462 UofM_
47491268868 -78 3950746743 1424983372.3930 2462 UofM_Guest_
47491268870 -71 3954323253 1424983372.3930 2462 _
162797488891936 -80 3950746736 1424983372.3930 2437 viro-geni-2_
211938385015607 -77 3950746740 1424983372.3930 2437 HS-HOME-NET_
84207466584968 -88 3950746713 1424983372.3930 2412 eduroam_
47491269568 -84 3950746716 1424983372.3930 2412 UofM_
47491269572 -85 3950746720 1424983372.3930 2412 UofM_Guest_
211938385015619 -86 3950746733 1424983372.3930 2437 viro2_
84207466584960 -87 3950746709 1424983372.3930 2412 UofM_
47491473992 -80 3954323240 1424983372.3930 2437 eduroam_
47491473984 -80 3954323228 1424983372.3930 2437 UofM_
47491473988 -81 3954323236 1424983372.3930 2437 UofM_Guest_
