189441481136068 -76 4210092727 1424983628.1500 2437 UofM_Guest_
189441481136072 -75 4210092733 1424983628.1500 2437 eduroam_
189441481136070 -81 4210092745 1424983628.1500 2437 _
189441481136064 -84 4210092741 1424983628.1500 2437 UofM_
47491272328 -90 4206534102 1424983628.1500 2412 eduroam_
189441481136067 -81 4210092750 1424983628.1500 5765 UofM_Secure_
47491959240 -85 4206534131 1424983628.1500 2437 eduroam_
47491959236 -84 4206534124 1424983628.1500 2437 UofM_Guest_
47491959238 -88 4206534127 1424983628.1500 2437 _
47491959232 -84 4210092737 1424983628.1500 2437 UofM_
