47491268867 -71 3935637582 1424983353.6970 5785 UofM_Secure_
47491268873 -70 3935637590 1424983353.6970 5785 eduroam_
47491268869 -70 3935637585 1424983353.6970 5785 UofM_Guest_
47491268865 -69 3935637579 1424983353.6970 5785 UofM_
47492007874 -70 3935637534 1424983353.6970 2412 UofM_Secure_
47492007880 -81 3935637543 1424983353.6970 2412 eduroam_
47492007876 -77 3935637537 1424983353.6970 2412 UofM_Guest_
47492007878 -77 3935637540 1424983353.6970 2412 _
47491268872 -82 3935637561 1424983353.6970 2462 eduroam_
47491268864 -77 3935637550 1424983353.6970 2462 UofM_
47491268868 -78 3935637554 1424983353.6970 2462 UofM_Guest_
47491268870 -80 3935637558 1424983353.6970 2462 _
47491473984 -80 3931849674 1424983353.6970 2437 UofM_
9354243434176 -83 3931849671 1424983353.6970 2437 UofM_
47492007881 -77 3935637571 1424983353.6970 5220 eduroam_
47492007875 -81 3935637575 1424983353.6970 5220 UofM_Secure_
162797488891936 -79 3935637547 1424983353.6970 2437 viro-geni-2_
47492007877 -77 3935637568 1424983353.6970 5220 UofM_Guest_
47492007873 -81 3935637564 1424983353.6970 5220 UofM_
