47491272321 -75 4153567707 1424983574.4240 5745 UofM_
47491272326 -84 4156351104 1424983574.4240 2412 _
47491272320 -82 4156351082 1424983574.4240 2412 UofM_
47491272324 -85 4156351095 1424983574.4240 2412 UofM_Guest_
189441481136065 -78 4153567744 1424983574.4240 5765 UofM_
189441481136068 -80 4156351129 1424983574.4240 2437 UofM_Guest_
189441481136072 -80 4156351145 1424983574.4240 2437 eduroam_
189441481136070 -74 4156351136 1424983574.4240 2437 _
189441481136064 -77 4156351121 1424983574.4240 2437 UofM_
47491272328 -82 4156351113 1424983574.4240 2412 eduroam_
189441481136066 -67 4153567717 1424983574.4240 2437 UofM_Secure_
47491268872 -81 4156351215 1424983574.4240 2462 eduroam_
47494398600 -87 4156351173 1424983574.4240 2462 eduroam_
47491268868 -81 4156351195 1424983574.4240 2462 UofM_Guest_
47491268864 -81 4156351182 1424983574.4240 2462 UofM_
47494398598 -83 4156351224 1424983574.4240 2462 _
47494398592 -83 4156351155 1424983574.4240 2462 UofM_
47494398596 -83 4156351165 1424983574.4240 2462 UofM_Guest_
47491268870 -83 4156351204 1424983574.4240 2462 _
