47491272326 -77 4199796998 1424983617.8630 2412 _
47491272320 -75 4199796980 1424983617.8630 2412 UofM_
47491272324 -76 4199796992 1424983617.8630 2412 UofM_Guest_
189441481136068 -68 4199797035 1424983617.8630 2437 UofM_Guest_
189441481136072 -60 4199797046 1424983617.8630 2437 eduroam_
189441481136070 -65 4199797040 1424983617.8630 2437 _
189441481136064 -63 4199797051 1424983617.8630 2437 UofM_
47491272328 -75 4199797029 1424983617.8630 2412 eduroam_
47494398600 -78 4199797074 1424983617.8630 2462 eduroam_
47494398598 -79 4199797068 1424983617.8630 2462 _
47494398592 -76 4199797079 1424983617.8630 2462 UofM_
47494398596 -77 4199797062 1424983617.8630 2462 UofM_Guest_
189441481136067 -62 4199797056 1424983617.8630 5765 UofM_Secure_
189441481136073 -66 4199797136 1424983617.8630 5765 eduroam_
189441481136071 -62 4199797142 1424983617.8630 5765 _
189441481136069 -68 4199797129 1424983617.8630 5765 UofM_Guest_
189441481136065 -69 4199797123 1424983617.8630 5765 UofM_
47491272323 -74 4199797099 1424983617.8630 5745 UofM_Secure_
47491272329 -75 4199797115 1424983617.8630 5745 eduroam_
47494398595 -76 4199797153 1424983617.8630 5805 UofM_Secure_
47494398601 -77 4199797168 1424983617.8630 5805 eduroam_
47491272322 -74 4199796986 1424983617.8630 2412 UofM_Secure_
47494398594 -76 4199797085 1424983617.8630 2462 UofM_Secure_
47494398593 -76 4199797147 1424983617.8630 5805 UofM_
47491272325 -76 4199797108 1424983617.8630 5745 UofM_Guest_
47491272321 -76 4199797091 1424983617.8630 5745 UofM_
47494398597 -76 4199797160 1424983617.8630 5805 UofM_Guest_
47494398599 -79 4199797175 1424983617.8630 5805 _
