47491268867 -65 3943215626 1424983365.1000 5785 UofM_Secure_
47491268873 -72 3947037914 1424983365.1000 5785 eduroam_
47491268869 -73 3947037901 1424983365.1000 5785 UofM_Guest_
47491268865 -67 3943215620 1424983365.1000 5785 UofM_
47492007874 -68 3947037538 1424983365.1000 2412 UofM_Secure_
47492007880 -80 3943215565 1424983365.1000 2412 eduroam_
47492007876 -81 3947037399 1424983365.1000 2412 UofM_Guest_
47492007878 -86 3943215560 1424983365.1000 2412 _
47491268872 -73 3947037528 1424983365.1000 2462 eduroam_
47491268864 -70 3947037665 1424983365.1000 2462 UofM_
47491268868 -70 3947037772 1424983365.1000 2462 UofM_Guest_
47491268870 -73 3947037515 1424983365.1000 2462 _
47492007881 -73 3947037895 1424983365.1000 5220 eduroam_
47492007875 -75 3947037882 1424983365.1000 5220 UofM_Secure_
162797488891936 -76 3947037406 1424983365.1000 2437 viro-geni-2_
47492007877 -76 3947037889 1424983365.1000 5220 UofM_Guest_
47492007873 -73 3947037779 1424983365.1000 5220 UofM_
47491268871 -73 3947037907 1424983365.1000 5785 _
47492007872 -79 3947037313 1424983365.1000 2412 UofM_
47491268866 -76 3947037674 1424983365.1000 2462 UofM_Secure_
47491328712 -83 3943215569 1424983365.1000 2437 eduroam_
189441478786248 -86 3943215537 1424983365.1000 2412 eduroam_
84207466584962 -82 3947037307 1424983365.1000 2412 UofM_Secure_
211938385015055 -84 3947037413 1424983365.1000 2437 viro-geni-1_
