114896623892006 -74 4317479560 1424983735.5390 2437 NAO_
47491268872 -87 4317479576 1424983735.5390 2462 eduroam_
47491268868 -83 4317479568 1424983735.5390 2462 UofM_Guest_
47491268864 -83 4317479564 1424983735.5390 2462 UofM_
47491959236 -63 4317479553 1424983735.5390 2437 UofM_Guest_
84207466584962 -79 4313901064 1424983735.5390 2412 UofM_Secure_
47491959240 -60 4317479546 1424983735.5390 2437 eduroam_
84207466584966 -83 4313900977 1424983735.5390 2412 _
84207466584964 -84 4313900970 1424983735.5390 2412 UofM_Guest_
47491959238 -57 4317479557 1424983735.5390 2437 _
47491959235 -62 4317479583 1424983735.5390 5180 UofM_Secure_
47491959241 -64 4317479592 1424983735.5390 5180 eduroam_
47491959233 -64 4317479579 1424983735.5390 5180 UofM_
47491959237 -63 4317479588 1424983735.5390 5180 UofM_Guest_
47491959232 -62 4317479550 1424983735.5390 2437 UofM_
47491959234 -67 4313901039 1424983735.5390 2437 UofM_Secure_
189441478786248 -69 4313900964 1424983735.5390 2412 eduroam_
47491460552 -72 4313901059 1424983735.5390 2462 eduroam_
189441478786244 -71 4313900952 1424983735.5390 2412 UofM_Guest_
47491460544 -71 4313901046 1424983735.5390 2462 UofM_
189441478786246 -71 4313900958 1424983735.5390 2412 _
47491460550 -72 4313901053 1424983735.5390 2462 _
189441478786240 -80 4317479541 1424983735.5390 2412 UofM_
47491268870 -87 4317479572 1424983735.5390 2462 _
