162797488891936 -64 4829255599 1424984247.3230 2437 viro-geni-2_
47492007872 -75 4829255578 1424984247.3230 2412 UofM_
47492007876 -78 4825665540 1424984247.3230 2412 UofM_Guest_
47492007880 -73 4829255572 1424984247.3230 2412 eduroam_
84207466584968 -89 4825665532 1424984247.3230 2412 eduroam_
84207466584966 -87 4825665528 1424984247.3230 2412 _
84207466584964 -86 4825665524 1424984247.3230 2412 UofM_Guest_
84207466584960 -85 4825665515 1424984247.3230 2412 UofM_
47493331331 -75 4829255653 1424984247.3230 5180 UofM_Secure_
47493331329 -75 4829255646 1424984247.3230 5180 UofM_
47491268873 -75 4825665656 1424984247.3230 5785 eduroam_
47491268867 -77 4825665646 1424984247.3230 5785 UofM_Secure_
211938385015607 -72 4829255583 1424984247.3230 2437 HS-HOME-NET_
211938385015055 -79 4829255589 1424984247.3230 2437 viro-geni-1_
47491268865 -75 4825665642 1424984247.3230 5785 UofM_
47491268869 -76 4825665651 1424984247.3230 5785 UofM_Guest_
47492007875 -77 4825665634 1424984247.3230 5220 UofM_Secure_
47493331337 -75 4829255669 1424984247.3230 5180 eduroam_
162797488891937 -72 4829255674 1424984247.3230 5765 Linksys19141_5GHz_
47492007878 -74 4829255567 1424984247.3230 2412 _
47492007873 -78 4825665628 1424984247.3230 5220 UofM_
47492007877 -77 4825665638 1424984247.3230 5220 UofM_Guest_
47493331333 -78 4829255660 1424984247.3230 5180 UofM_Guest_
211938385015619 -68 4829255593 1424984247.3230 2437 viro2_
47491268872 -82 4829255640 1424984247.3230 2462 eduroam_
84207466584962 -82 4825665519 1424984247.3230 2412 UofM_Secure_
47491473992 -86 4825665582 1424984247.3230 2437 eduroam_
47491268864 -78 4829255615 1424984247.3230 2462 UofM_
47493331335 -81 4825665619 1424984247.3230 5180 _
47491473988 -82 4825665568 1424984247.3230 2437 UofM_Guest_
47491268868 -76 4829255627 1424984247.3230 2462 UofM_Guest_
47491328710 -88 4825665563 1424984247.3230 2437 _
47491268866 -76 4829255622 1424984247.3230 2462 UofM_Secure_
2297084420154 -80 4829255561 1424984247.3230 2412 DIRECT-_
47491268870 -80 4829255634 1424984247.3230 2462 _
47493331332 -82 4829255609 1424984247.3230 2462 UofM_Guest_
47493331328 -85 4829255604 1424984247.3230 2462 UofM_
