47491268873 -63 4253537587 1424983671.5960 5785 eduroam_
47491268867 -67 4253537581 1424983671.5960 5785 UofM_Secure_
47491268865 -66 4253537578 1424983671.5960 5785 UofM_
47491268869 -66 4253537584 1424983671.5960 5785 UofM_Guest_
47491268872 -69 4253537560 1424983671.5960 2462 eduroam_
47491268866 -66 4253537548 1424983671.5960 2462 UofM_Secure_
47491268864 -70 4253537551 1424983671.5960 2462 UofM_
47491268870 -70 4253537557 1424983671.5960 2462 _
47491473988 -78 4249867542 1424983671.5960 2437 UofM_Guest_
47492007880 -70 4253537536 1424983671.5960 2412 eduroam_
47492007874 -70 4253537527 1424983671.5960 2412 UofM_Secure_
47492007872 -69 4253537524 1424983671.5960 2412 UofM_
47491473984 -80 4253537542 1424983671.5960 2437 UofM_
47492007876 -68 4253537530 1424983671.5960 2412 UofM_Guest_
47492007878 -72 4253537533 1424983671.5960 2412 _
47491268868 -68 4253537554 1424983671.5960 2462 UofM_Guest_
162797488891936 -71 4249867529 1424983671.5960 2437 viro-geni-2_
47492007881 -71 4253537572 1424983671.5960 5220 eduroam_
47492007875 -73 4253537566 1424983671.5960 5220 UofM_Secure_
114896623892006 -79 4249867533 1424983671.5960 2437 NAO_
211938385015607 -81 4253537539 1424983671.5960 2437 HS-HOME-NET_
47492007877 -71 4253537569 1424983671.5960 5220 UofM_Guest_
47492007879 -75 4253537575 1424983671.5960 5220 _
47492007873 -74 4253537563 1424983671.5960 5220 UofM_
47491473990 -79 4249867546 1424983671.5960 2437 _
84207466584966 -82 4249867514 1424983671.5960 2412 _
47491473986 -77 4253537545 1424983671.5960 2437 UofM_Secure_
