47491271488 -77 4083739126 1424983505.4530 2437 UofM_
47491271496 -77 4083739141 1424983505.4530 2437 eduroam_
47491272320 -83 4087393836 1424983505.4530 2412 UofM_
47491272329 -80 4083739159 1424983505.4530 5745 eduroam_
47491272323 -78 4087393863 1424983505.4530 5745 UofM_Secure_
47491272322 -81 4083739110 1424983505.4530 2412 UofM_Secure_
47491272328 -84 4087393850 1424983505.4530 2412 eduroam_
47491272321 -79 4083739151 1424983505.4530 5745 UofM_
47491272325 -79 4083739155 1424983505.4530 5745 UofM_Guest_
47491272324 -85 4087393841 1424983505.4530 2412 UofM_Guest_
47491272326 -87 4087393845 1424983505.4530 2412 _
47491271492 -76 4083739132 1424983505.4530 2437 UofM_Guest_
47491271494 -78 4083739137 1424983505.4530 2437 _
47491271491 -78 4087393872 1424983505.4530 5220 UofM_Secure_
47491271497 -79 4087393883 1424983505.4530 5220 eduroam_
47491271493 -76 4087393877 1424983505.4530 5220 UofM_Guest_
47491271495 -78 4087393888 1424983505.4530 5220 _
47491271489 -80 4087393867 1424983505.4530 5220 UofM_
47491268864 -85 4087393854 1424983505.4530 2462 UofM_
47491268868 -86 4087393859 1424983505.4530 2462 UofM_Guest_
