47491268873 -39 4414065256 1424983832.1310 5785 eduroam_
47491268867 -39 4414065245 1424983832.1310 5785 UofM_Secure_
47491268865 -39 4414065239 1424983832.1310 5785 UofM_
47491268869 -39 4414065250 1424983832.1310 5785 UofM_Guest_
47491268870 -51 4414065180 1424983832.1310 2462 _
47491268864 -45 4414065155 1424983832.1310 2462 UofM_
47491268868 -52 4414065164 1424983832.1310 2462 UofM_Guest_
47491268866 -55 4414065174 1424983832.1310 2462 UofM_Secure_
47491268872 -54 4414065169 1424983832.1310 2462 eduroam_
47491473984 -77 4414065098 1424983832.1310 2437 UofM_
47491959232 -87 4414065160 1424983832.1310 2437 UofM_
47491473986 -76 4414065110 1424983832.1310 2437 UofM_Secure_
47491473992 -78 4414065104 1424983832.1310 2437 eduroam_
47491268871 -40 4414065260 1424983832.1310 5785 _
47491473990 -78 4414065124 1424983832.1310 2437 _
47491473988 -77 4414065116 1424983832.1310 2437 UofM_Guest_
47491959235 -71 4414065191 1424983832.1310 5180 UofM_Secure_
47491959241 -73 4414065204 1424983832.1310 5180 eduroam_
47491959237 -71 4414065197 1424983832.1310 5180 UofM_Guest_
47491959233 -74 4414065185 1424983832.1310 5180 UofM_
47491271492 -77 4414065140 1424983832.1310 2437 UofM_Guest_
47491271497 -79 4414065235 1424983832.1310 5220 eduroam_
47491271490 -75 4414065136 1424983832.1310 2437 UofM_Secure_
47491271491 -80 4414065225 1424983832.1310 5220 UofM_Secure_
47491271496 -77 4414065150 1424983832.1310 2437 eduroam_
47491959239 -70 4414065210 1424983832.1310 5180 _
47491271489 -80 4414065219 1424983832.1310 5220 UofM_
47491271488 -76 4414065131 1424983832.1310 2437 UofM_
47491271494 -76 4414065145 1424983832.1310 2437 _
47491271493 -81 4414065230 1424983832.1310 5220 UofM_Guest_
47492007876 -84 4414065091 1424983832.1310 2412 UofM_Guest_
47492007872 -87 4414065087 1424983832.1310 2412 UofM_
