47491271490 -66 4062156747 1424983480.2210 2437 UofM_Secure_
47491271492 -67 4062156761 1424983480.2210 2437 UofM_Guest_
47491271488 -68 4062156755 1424983480.2210 2437 UofM_
47491271497 -75 4062156808 1424983480.2210 5220 eduroam_
47491271491 -74 4062156794 1424983480.2210 5220 UofM_Secure_
47491271496 -71 4062156779 1424983480.2210 2437 eduroam_
47491271493 -73 4062156799 1424983480.2210 5220 UofM_Guest_
47491271489 -73 4062156787 1424983480.2210 5220 UofM_
47491272320 -85 4062156720 1424983480.2210 2412 UofM_
47491272329 -74 4062156844 1424983480.2210 5745 eduroam_
47491272323 -75 4062156831 1424983480.2210 5745 UofM_Secure_
47491272322 -81 4062156724 1424983480.2210 2412 UofM_Secure_
47491272328 -83 4062156739 1424983480.2210 2412 eduroam_
189441478940488 -89 4062156715 1424983480.2210 2412 eduroam_
47491272321 -72 4062156820 1424983480.2210 5745 UofM_
47491271494 -69 4062156770 1424983480.2210 2437 _
47491272325 -75 4062156837 1424983480.2210 5745 UofM_Guest_
47491272324 -83 4062156732 1424983480.2210 2412 UofM_Guest_
189441478940480 -88 4062156700 1424983480.2210 2412 UofM_
189441478940486 -92 4062156708 1424983480.2210 2412 _
