47494398600 -82 4664901777 1424984082.9590 2462 eduroam_
47494398596 -85 4661186933 1424984082.9590 2462 UofM_Guest_
47494398598 -86 4661186939 1424984082.9590 2462 _
47494398592 -86 4661186930 1424984082.9590 2462 UofM_
189441481136064 -73 4664901781 1424984082.9590 2437 UofM_
47491463112 -80 4664901757 1424984082.9590 2412 eduroam_
47491463104 -77 4664901733 1424984082.9590 2412 UofM_
47491463108 -80 4664901754 1424984082.9590 2412 UofM_Guest_
47491463110 -81 4664901761 1424984082.9590 2412 _
47491959234 -71 4664901767 1424984082.9590 2437 UofM_Secure_
47491959240 -76 4664901774 1424984082.9590 2437 eduroam_
47491463106 -77 4664901751 1424984082.9590 2412 UofM_Secure_
47491268872 -85 4661186950 1424984082.9590 2462 eduroam_
47491959238 -73 4661186921 1424984082.9590 2437 _
47491959232 -71 4664901764 1424984082.9590 2437 UofM_
47491959236 -74 4664901770 1424984082.9590 2437 UofM_Guest_
47491959233 -80 4661186953 1424984082.9590 5180 UofM_
47491268864 -88 4661186942 1424984082.9590 2462 UofM_
47491268868 -88 4661186944 1424984082.9590 2462 UofM_Guest_
47491268870 -89 4661186947 1424984082.9590 2462 _
189441481136073 -79 4664901795 1424984082.9590 5765 eduroam_
189441481136067 -81 4664901784 1424984082.9590 5765 UofM_Secure_
189441481136069 -77 4664901788 1424984082.9590 5765 UofM_Guest_
189441481136071 -77 4664901791 1424984082.9590 5765 _
