189441481136070 -51 4006998064 1424983425.0590 2437 _
189441481136072 -52 4006998069 1424983425.0590 2437 eduroam_
189441481136064 -48 4006998051 1424983425.0590 2437 UofM_
189441481136067 -39 4006998045 1424983425.0590 5765 UofM_Secure_
189441481136073 -61 4006998090 1424983425.0590 5765 eduroam_
47494398600 -81 4003396980 1424983425.0590 2462 eduroam_
189441481136065 -66 4006998076 1424983425.0590 5765 UofM_
189441481136069 -62 4006998084 1424983425.0590 5765 UofM_Guest_
189441481136071 -61 4006998096 1424983425.0590 5765 _
189441481136068 -50 4006998058 1424983425.0590 2437 UofM_Guest_
47494398596 -78 4003396973 1424983425.0590 2462 UofM_Guest_
47491272322 -67 4003396940 1424983425.0590 2412 UofM_Secure_
47491272328 -76 4006998039 1424983425.0590 2412 eduroam_
47494398594 -78 4003396988 1424983425.0590 2462 UofM_Secure_
47491272324 -74 4006997998 1424983425.0590 2412 UofM_Guest_
47491272320 -72 4003396935 1424983425.0590 2412 UofM_
47494398597 -78 4003397031 1424983425.0590 5805 UofM_Guest_
47491272326 -75 4006998032 1424983425.0590 2412 _
47494398592 -78 4003396984 1424983425.0590 2462 UofM_
47494398598 -81 4003396977 1424983425.0590 2462 _
47491268873 -73 4006998123 1424983425.0590 5785 eduroam_
47491268867 -74 4006998109 1424983425.0590 5785 UofM_Secure_
47491268869 -73 4006998116 1424983425.0590 5785 UofM_Guest_
47491268865 -76 4006998102 1424983425.0590 5785 UofM_
