47491959240 -83 3990288604 1424983421.4600 2437 eduroam_
47491959232 -82 3990288617 1424983421.4600 2437 UofM_
47491959238 -86 3990288638 1424983421.4600 2437 _
47491959236 -81 3990288630 1424983421.4600 2437 UofM_Guest_
189441481136070 -46 4003396958 1424983421.4600 2437 _
47491959234 -81 3990288623 1424983421.4600 2437 UofM_Secure_
189441481136072 -47 4003396962 1424983421.4600 2437 eduroam_
189441481136064 -44 4003396965 1424983421.4600 2437 UofM_
189441481136067 -37 4003396969 1424983421.4600 5765 UofM_Secure_
189441481136073 -48 4003397000 1424983421.4600 5765 eduroam_
189441481136066 -71 3990288651 1424983421.4600 2437 UofM_Secure_
47494398600 -81 4003396980 1424983421.4600 2462 eduroam_
189441481136065 -48 4003396992 1424983421.4600 5765 UofM_
189441481136069 -50 4003396996 1424983421.4600 5765 UofM_Guest_
189441481136071 -51 4003397025 1424983421.4600 5765 _
189441481136068 -48 4003396955 1424983421.4600 2437 UofM_Guest_
47494398596 -78 4003396973 1424983421.4600 2462 UofM_Guest_
47491272322 -67 4003396940 1424983421.4600 2412 UofM_Secure_
47491272328 -72 4003396951 1424983421.4600 2412 eduroam_
47494398594 -78 4003396988 1424983421.4600 2462 UofM_Secure_
47491272324 -71 4003396943 1424983421.4600 2412 UofM_Guest_
47491272320 -72 4003396935 1424983421.4600 2412 UofM_
47494398597 -78 4003397031 1424983421.4600 5805 UofM_Guest_
47491272326 -74 4003396947 1424983421.4600 2412 _
47494398592 -78 4003396984 1424983421.4600 2462 UofM_
47494398598 -81 4003396977 1424983421.4600 2462 _
