47491268865 -78 4754008431 1424984176.0330 5785 UofM_
162797488891936 -73 4757924650 1424984176.0330 2437 viro-geni-2_
84207466584964 -74 4757469642 1424984176.0330 2412 UofM_Guest_
84207466584968 -77 4757924570 1424984176.0330 2412 eduroam_
47492007872 -76 4757924594 1424984176.0330 2412 UofM_
47492007876 -78 4757924605 1424984176.0330 2412 UofM_Guest_
47492007878 -78 4757924610 1424984176.0330 2412 _
84207466584960 -76 4757469637 1424984176.0330 2412 UofM_
84207466584966 -80 4757469652 1424984176.0330 2412 _
47491959240 -85 4757469689 1424984176.0330 2437 eduroam_
47492007880 -79 4757924618 1424984176.0330 2412 eduroam_
114896623892006 -65 4757924624 1424984176.0330 2437 NAO_
47492007874 -81 4757924598 1424984176.0330 2412 UofM_Secure_
47491460546 -79 4757469704 1424984176.0330 2462 UofM_Secure_
47491460552 -77 4757924725 1424984176.0330 2462 eduroam_
47491460548 -77 4757924713 1424984176.0330 2462 UofM_Guest_
47491460550 -77 4757924720 1424984176.0330 2462 _
47491460544 -78 4757924708 1424984176.0330 2462 UofM_
47491959241 -80 4757469729 1424984176.0330 5180 eduroam_
47491959235 -81 4757469722 1424984176.0330 5180 UofM_Secure_
47491959234 -72 4757924674 1424984176.0330 2437 UofM_Secure_
189441481137416 -78 4757924640 1424984176.0330 2437 eduroam_
189441481137412 -81 4757924634 1424984176.0330 2437 UofM_Guest_
47491959233 -80 4757469719 1424984176.0330 5180 UofM_
47491959237 -80 4757469726 1424984176.0330 5180 UofM_Guest_
47491959232 -77 4757924670 1424984176.0330 2437 UofM_
47491959238 -79 4757924686 1424984176.0330 2437 _
189441481137408 -79 4757924655 1424984176.0330 2437 UofM_
47491959236 -77 4757924679 1424984176.0330 2437 UofM_Guest_
211938385015607 -76 4757924665 1424984176.0330 2437 HS-HOME-NET_
189441481137410 -77 4757924629 1424984176.0330 2437 UofM_Secure_
189441478786248 -85 4757924590 1424984176.0330 2412 eduroam_
47491268872 -91 4757924698 1424984176.0330 2462 eduroam_
189441481137414 -82 4757924660 1424984176.0330 2437 _
189441478786246 -84 4757924584 1424984176.0330 2412 _
189441478786244 -84 4757924578 1424984176.0330 2412 UofM_Guest_
211938385015619 -84 4757924644 1424984176.0330 2437 viro2_
47493331328 -86 4757924703 1424984176.0330 2462 UofM_
189441478786240 -87 4757924573 1424984176.0330 2412 UofM_
47491268868 -89 4757924693 1424984176.0330 2462 UofM_Guest_
