189441481136064 -74 4694784133 1424984112.8490 2437 UofM_
47491959234 -71 4691026081 1424984112.8490 2437 UofM_Secure_
47491959240 -77 4691026092 1424984112.8490 2437 eduroam_
47491959238 -77 4691026088 1424984112.8490 2437 _
47491959232 -76 4691026078 1424984112.8490 2437 UofM_
47491959236 -77 4691026085 1424984112.8490 2437 UofM_Guest_
47491463106 -83 4691026055 1424984112.8490 2412 UofM_Secure_
47494398600 -82 4694784156 1424984112.8490 2462 eduroam_
47491463112 -81 4694784108 1424984112.8490 2412 eduroam_
47491463108 -85 4691026066 1424984112.8490 2412 UofM_Guest_
47494398596 -83 4694784189 1424984112.8490 2462 UofM_Guest_
47494398598 -83 4694784149 1424984112.8490 2462 _
47491463104 -83 4691026052 1424984112.8490 2412 UofM_
47494398592 -84 4694784142 1424984112.8490 2462 UofM_
47491268867 -58 4694784216 1424984112.8490 5785 UofM_Secure_
47491268873 -61 4694784230 1424984112.8490 5785 eduroam_
47491271496 -78 4694784128 1424984112.8490 2437 eduroam_
47491268865 -60 4694784209 1424984112.8490 5785 UofM_
47491268869 -60 4694784223 1424984112.8490 5785 UofM_Guest_
47491271492 -79 4694784119 1424984112.8490 2437 UofM_Guest_
47491271488 -78 4694784114 1424984112.8490 2437 UofM_
47491463110 -88 4691026059 1424984112.8490 2412 _
47494398595 -75 4691026121 1424984112.8490 5805 UofM_Secure_
47494398601 -78 4691026129 1424984112.8490 5805 eduroam_
47494398594 -72 4694784183 1424984112.8490 2462 UofM_Secure_
47494398597 -76 4691026125 1424984112.8490 5805 UofM_Guest_
47494398593 -77 4691026116 1424984112.8490 5805 UofM_
47491268866 -71 4694784196 1424984112.8490 2462 UofM_Secure_
47491268872 -79 4694784176 1424984112.8490 2462 eduroam_
47491271490 -82 4694784137 1424984112.8490 2437 UofM_Secure_
47491268868 -77 4694784202 1424984112.8490 2462 UofM_Guest_
47491268870 -78 4694784169 1424984112.8490 2462 _
47491268864 -79 4694784162 1424984112.8490 2462 UofM_
47491271494 -80 4694784124 1424984112.8490 2437 _
