47491268867 -75 4713061333 1424984131.1220 5785 UofM_Secure_
47491268873 -74 4713061346 1424984131.1220 5785 eduroam_
47491271496 -78 4709364872 1424984131.1220 2437 eduroam_
47491268865 -77 4713061325 1424984131.1220 5785 UofM_
47491268869 -77 4713061340 1424984131.1220 5785 UofM_Guest_
47491271492 -76 4709364863 1424984131.1220 2437 UofM_Guest_
47491271488 -79 4709364858 1424984131.1220 2437 UofM_
47491268872 -64 4709364908 1424984131.1220 2462 eduroam_
47491268864 -66 4709364895 1424984131.1220 2462 UofM_
47491271494 -76 4709364867 1424984131.1220 2437 _
47491959240 -70 4709364890 1424984131.1220 2437 eduroam_
47491959234 -69 4709364836 1424984131.1220 2437 UofM_Secure_
47491959232 -67 4709364876 1424984131.1220 2437 UofM_
47491959236 -68 4709364880 1424984131.1220 2437 UofM_Guest_
47491959238 -71 4709364885 1424984131.1220 2437 _
47491473992 -78 4713061289 1424984131.1220 2437 eduroam_
47491268868 -63 4709364899 1424984131.1220 2462 UofM_Guest_
47491268870 -66 4709364904 1424984131.1220 2462 _
47491473988 -72 4713061280 1424984131.1220 2437 UofM_Guest_
47491473984 -75 4713061275 1424984131.1220 2437 UofM_
47491473990 -86 4709364832 1424984131.1220 2437 _
47491473986 -77 4713061283 1424984131.1220 2437 UofM_Secure_
47492007880 -80 4713061259 1424984131.1220 2412 eduroam_
9354243434181 -82 4709364931 1424984131.1220 5785 UofM_Guest_
47492007872 -80 4713061245 1424984131.1220 2412 UofM_
47492007876 -79 4713061255 1424984131.1220 2412 UofM_Guest_
47492007874 -78 4713061250 1424984131.1220 2412 UofM_Secure_
47491328712 -84 4713061299 1424984131.1220 2437 eduroam_
47491268424 -84 4713061321 1424984131.1220 2462 eduroam_
9354243434184 -86 4713061272 1424984131.1220 2437 eduroam_
47491268871 -75 4713061350 1424984131.1220 5785 _
9354243434180 -82 4713061263 1424984131.1220 2437 UofM_Guest_
47491268420 -83 4713061307 1424984131.1220 2462 UofM_Guest_
9354243434182 -84 4713061267 1424984131.1220 2437 _
47491268416 -85 4713061304 1424984131.1220 2462 UofM_
47491328710 -85 4713061296 1424984131.1220 2437 _
47491268422 -87 4713061314 1424984131.1220 2462 _
