189441481136064 -71 4679599097 1424984097.6600 2437 UofM_
47491959234 -83 4679599110 1424984097.6600 2437 UofM_Secure_
47491959240 -81 4679599121 1424984097.6600 2437 eduroam_
47491959238 -81 4679599125 1424984097.6600 2437 _
47491959232 -83 4679599106 1424984097.6600 2437 UofM_
47491959236 -82 4679599116 1424984097.6600 2437 UofM_Guest_
189441481136073 -72 4675959761 1424984097.6600 5765 eduroam_
189441481136067 -76 4675959756 1424984097.6600 5765 UofM_Secure_
189441481136069 -74 4675959759 1424984097.6600 5765 UofM_Guest_
189441481136071 -73 4675959764 1424984097.6600 5765 _
189441481136072 -77 4679599130 1424984097.6600 2437 eduroam_
189441481136065 -72 4675959753 1424984097.6600 5765 UofM_
189441481136070 -73 4675959746 1424984097.6600 2437 _
189441481136068 -65 4675959743 1424984097.6600 2437 UofM_Guest_
189441481136066 -66 4675959740 1424984097.6600 2437 UofM_Secure_
47491272328 -80 4675959719 1424984097.6600 2412 eduroam_
