47491959240 -86 4240626205 1424983667.9300 2437 eduroam_
47491959238 -82 4240626197 1424983667.9300 2437 _
47491959234 -67 4236307254 1424983667.9300 2437 UofM_Secure_
47491268873 -63 4249867642 1424983667.9300 5785 eduroam_
47491268867 -62 4249867628 1424983667.9300 5785 UofM_Secure_
47491268865 -64 4249867605 1424983667.9300 5785 UofM_
47491268869 -63 4249867637 1424983667.9300 5785 UofM_Guest_
47491268872 -73 4249867570 1424983667.9300 2462 eduroam_
47491268866 -71 4249867518 1424983667.9300 2462 UofM_Secure_
47491268864 -69 4249867554 1424983667.9300 2462 UofM_
47491268870 -73 4249867566 1424983667.9300 2462 _
47491473988 -78 4249867542 1424983667.9300 2437 UofM_Guest_
47491473992 -76 4240626175 1424983667.9300 2437 eduroam_
47492007880 -83 4249867526 1424983667.9300 2412 eduroam_
47492007874 -80 4240626139 1424983667.9300 2412 UofM_Secure_
47492007872 -78 4240626131 1424983667.9300 2412 UofM_
47491473984 -78 4249867537 1424983667.9300 2437 UofM_
47492007876 -79 4240626144 1424983667.9300 2412 UofM_Guest_
47492007878 -81 4249867522 1424983667.9300 2412 _
47491328708 -84 4240626211 1424983667.9300 2437 UofM_Guest_
9354243434176 -85 4240626181 1424983667.9300 2437 UofM_
47491268424 -88 4240949713 1424983667.9300 2462 eduroam_
47491268868 -70 4249867559 1424983667.9300 2462 UofM_Guest_
47491268422 -89 4240949710 1424983667.9300 2462 _
47491268420 -91 4240949707 1424983667.9300 2462 UofM_Guest_
162797488891936 -71 4249867529 1424983667.9300 2437 viro-geni-2_
47492007881 -77 4249867592 1424983667.9300 5220 eduroam_
47492007875 -78 4249867582 1424983667.9300 5220 UofM_Secure_
114896623892006 -79 4249867533 1424983667.9300 2437 NAO_
211938385015607 -82 4249867549 1424983667.9300 2437 HS-HOME-NET_
47492007877 -78 4249867587 1424983667.9300 5220 UofM_Guest_
47492007879 -79 4249867597 1424983667.9300 5220 _
47492007873 -80 4249867575 1424983667.9300 5220 UofM_
47491473990 -79 4249867546 1424983667.9300 2437 _
84207466584966 -82 4249867514 1424983667.9300 2412 _
