189441481136065 -69 4617660716 1424984035.7640 5765 UofM_
47491272320 -87 4617660661 1424984035.7640 2412 UofM_
47494398600 -89 4617660696 1424984035.7640 2462 eduroam_
47491268868 -81 4610150104 1424984035.7640 2462 UofM_Guest_
47491268864 -81 4610150102 1424984035.7640 2462 UofM_
189441481136068 -76 4617660675 1424984035.7640 2437 UofM_Guest_
189441481136072 -72 4617660682 1424984035.7640 2437 eduroam_
47491268867 -78 4610150120 1424984035.7640 5785 UofM_Secure_
47491268873 -79 4610150127 1424984035.7640 5785 eduroam_
47491268865 -77 4610150116 1424984035.7640 5785 UofM_
47491268869 -77 4610150124 1424984035.7640 5785 UofM_Guest_
47491272324 -86 4617660665 1424984035.7640 2412 UofM_Guest_
47494398596 -90 4617660689 1424984035.7640 2462 UofM_Guest_
47494398598 -87 4617660693 1424984035.7640 2462 _
47494398594 -74 4610150113 1424984035.7640 2462 UofM_Secure_
47494398592 -86 4617660686 1424984035.7640 2462 UofM_
189441481136070 -73 4617660679 1424984035.7640 2437 _
189441481136064 -76 4617660672 1424984035.7640 2437 UofM_
47491272323 -76 4617660703 1424984035.7640 5745 UofM_Secure_
47491272328 -86 4617660669 1424984035.7640 2412 eduroam_
47491268872 -81 4610150110 1424984035.7640 2462 eduroam_
47491268870 -81 4610150107 1424984035.7640 2462 _
47491271496 -84 4610150069 1424984035.7640 2437 eduroam_
47491959240 -84 4610150087 1424984035.7640 2437 eduroam_
47491959232 -79 4610150075 1424984035.7640 2437 UofM_
47491959236 -80 4610150078 1424984035.7640 2437 UofM_Guest_
47491959238 -83 4610150084 1424984035.7640 2437 _
47491271492 -86 4610150067 1424984035.7640 2437 UofM_Guest_
47491271488 -86 4610150064 1424984035.7640 2437 UofM_
47491271494 -87 4610150072 1424984035.7640 2437 _
189441481136073 -72 4617660728 1424984035.7640 5765 eduroam_
189441481136067 -73 4617660720 1424984035.7640 5765 UofM_Secure_
47491272329 -77 4617660712 1424984035.7640 5745 eduroam_
189441481136071 -69 4617660732 1424984035.7640 5765 _
189441481136069 -69 4617660724 1424984035.7640 5765 UofM_Guest_
47491272325 -75 4617660708 1424984035.7640 5745 UofM_Guest_
47491272321 -75 4617660699 1424984035.7640 5745 UofM_
