47491268867 -65 4709364918 1424984127.4280 5785 UofM_Secure_
47491268873 -66 4709364926 1424984127.4280 5785 eduroam_
47491271496 -78 4709364872 1424984127.4280 2437 eduroam_
47491268865 -69 4709364913 1424984127.4280 5785 UofM_
47491268869 -67 4709364922 1424984127.4280 5785 UofM_Guest_
47491271492 -76 4709364863 1424984127.4280 2437 UofM_Guest_
47491271488 -79 4709364858 1424984127.4280 2437 UofM_
47491268872 -64 4709364908 1424984127.4280 2462 eduroam_
47491271490 -71 4702089234 1424984127.4280 2437 UofM_Secure_
47491268864 -66 4709364895 1424984127.4280 2462 UofM_
47491271494 -76 4709364867 1424984127.4280 2437 _
47491959240 -70 4709364890 1424984127.4280 2437 eduroam_
47491959241 -65 4702089311 1424984127.4280 5180 eduroam_
47491959235 -65 4702089291 1424984127.4280 5180 UofM_Secure_
47491271491 -75 4701541922 1424984127.4280 5220 UofM_Secure_
47491271497 -76 4701541931 1424984127.4280 5220 eduroam_
47491959234 -69 4709364836 1424984127.4280 2437 UofM_Secure_
47491959232 -67 4709364876 1424984127.4280 2437 UofM_
47491959236 -68 4709364880 1424984127.4280 2437 UofM_Guest_
47491959238 -71 4709364885 1424984127.4280 2437 _
47491959233 -65 4702089284 1424984127.4280 5180 UofM_
47491271493 -74 4701541926 1424984127.4280 5220 UofM_Guest_
47491959237 -67 4702089297 1424984127.4280 5180 UofM_Guest_
47491271489 -76 4701541893 1424984127.4280 5220 UofM_
47491271495 -77 4701541935 1424984127.4280 5220 _
47491268866 -56 4702089326 1424984127.4280 2462 UofM_Secure_
47491473992 -79 4709364854 1424984127.4280 2437 eduroam_
47491268868 -63 4709364899 1424984127.4280 2462 UofM_Guest_
47491268870 -66 4709364904 1424984127.4280 2462 _
47491959239 -67 4702089304 1424984127.4280 5180 _
47491473988 -79 4709364850 1424984127.4280 2437 UofM_Guest_
47491473984 -78 4709364840 1424984127.4280 2437 UofM_
47491473990 -86 4709364832 1424984127.4280 2437 _
47491473986 -76 4709364845 1424984127.4280 2437 UofM_Secure_
47492007880 -86 4709364828 1424984127.4280 2412 eduroam_
9354243434181 -82 4709364931 1424984127.4280 5785 UofM_Guest_
47492007872 -84 4709364819 1424984127.4280 2412 UofM_
47492007876 -85 4709364823 1424984127.4280 2412 UofM_Guest_
