47492007880 -85 3848401756 1424983268.2850 2412 eduroam_
47492007878 -82 3848401753 1424983268.2850 2412 _
47491268867 -74 3844899300 1424983268.2850 5785 UofM_Secure_
47491959240 -79 3850209201 1424983268.2850 2437 eduroam_
84207466584964 -79 3848401762 1424983268.2850 2412 UofM_Guest_
47491959232 -78 3848401775 1424983268.2850 2437 UofM_
47491959236 -79 3850209210 1424983268.2850 2437 UofM_Guest_
84207466584966 -76 3848401764 1424983268.2850 2412 _
47491959238 -80 3850209215 1424983268.2850 2437 _
114896623892006 -82 3850209245 1424983268.2850 2437 NAO_
189441481137414 -85 3850209227 1424983268.2850 2437 _
189441481137416 -85 3850209237 1424983268.2850 2437 eduroam_
84207466584960 -79 3848401758 1424983268.2850 2412 UofM_
189441481137412 -86 3850209220 1424983268.2850 2437 UofM_Guest_
