47491268873 -77 4257177171 1424983675.2340 5785 eduroam_
47491268867 -75 4257177160 1424983675.2340 5785 UofM_Secure_
47491268865 -70 4257177156 1424983675.2340 5785 UofM_
47491268869 -74 4257177167 1424983675.2340 5785 UofM_Guest_
47491268872 -68 4257177109 1424983675.2340 2462 eduroam_
47491268866 -70 4257177096 1424983675.2340 2462 UofM_Secure_
47491268864 -66 4257177114 1424983675.2340 2462 UofM_
47491268870 -68 4257177105 1424983675.2340 2462 _
47492007880 -80 4257177082 1424983675.2340 2412 eduroam_
47492007874 -79 4257177061 1424983675.2340 2412 UofM_Secure_
47492007872 -69 4253537524 1424983675.2340 2412 UofM_
47491473984 -80 4253537542 1424983675.2340 2437 UofM_
47492007876 -80 4257177067 1424983675.2340 2412 UofM_Guest_
47492007878 -81 4257177077 1424983675.2340 2412 _
47491268868 -67 4257177122 1424983675.2340 2462 UofM_Guest_
47492007881 -77 4257177146 1424983675.2340 5220 eduroam_
47492007875 -77 4257177135 1424983675.2340 5220 UofM_Secure_
211938385015607 -81 4257177091 1424983675.2340 2437 HS-HOME-NET_
47492007877 -78 4257177139 1424983675.2340 5220 UofM_Guest_
47492007879 -76 4257177150 1424983675.2340 5220 _
47492007873 -77 4257177128 1424983675.2340 5220 UofM_
47491473986 -77 4253537545 1424983675.2340 2437 UofM_Secure_
47491473992 -81 4257177087 1424983675.2340 2437 eduroam_
47491268871 -72 4257177177 1424983675.2340 5785 _
