47491268865 -70 4773145909 1424984193.6170 5785 UofM_
162797488891936 -64 4775512324 1424984193.6170 2437 viro-geni-2_
47492007872 -70 4773145810 1424984193.6170 2412 UofM_
47492007876 -69 4773145818 1424984193.6170 2412 UofM_Guest_
47492007878 -70 4773145821 1424984193.6170 2412 _
47491959240 -85 4775512305 1424984193.6170 2437 eduroam_
47492007880 -82 4775512291 1424984193.6170 2412 eduroam_
47492007874 -71 4773145814 1424984193.6170 2412 UofM_Secure_
47491959232 -82 4773145848 1424984193.6170 2437 UofM_
211938385015607 -76 4775512331 1424984193.6170 2437 HS-HOME-NET_
47491268872 -74 4775512373 1424984193.6170 2462 eduroam_
211938385015619 -82 4775512339 1424984193.6170 2437 viro2_
47493331328 -86 4775512381 1424984193.6170 2462 UofM_
47491268868 -70 4775512358 1424984193.6170 2462 UofM_Guest_
84207466584962 -76 4773145852 1424984193.6170 2412 UofM_Secure_
47491268867 -69 4773145914 1424984193.6170 5785 UofM_Secure_
47491268873 -74 4773145923 1424984193.6170 5785 eduroam_
47492007875 -79 4773145891 1424984193.6170 5220 UofM_Secure_
162797488891937 -79 4773145905 1424984193.6170 5765 Linksys19141_5GHz_
47492007881 -79 4773145900 1424984193.6170 5220 eduroam_
211938385015055 -79 4775512316 1424984193.6170 2437 viro-geni-1_
47493331336 -86 4773145883 1424984193.6170 2462 eduroam_
2297084420154 -80 4773145829 1424984193.6170 2412 DIRECT-_
47491268869 -72 4773145919 1424984193.6170 5785 UofM_Guest_
47491268864 -71 4775512348 1424984193.6170 2462 UofM_
47492007877 -80 4773145896 1424984193.6170 5220 UofM_Guest_
47491268870 -72 4775512364 1424984193.6170 2462 _
47492007873 -81 4773145887 1424984193.6170 5220 UofM_
47493331332 -85 4775512389 1424984193.6170 2462 UofM_Guest_
47493331334 -86 4775512395 1424984193.6170 2462 _
