47491268873 -76 4428545254 1424983850.1790 5785 eduroam_
47491268867 -77 4428545242 1424983850.1790 5785 UofM_Secure_
47491268865 -76 4428545239 1424983850.1790 5785 UofM_
47491268869 -76 4428545250 1424983850.1790 5785 UofM_Guest_
47491268870 -79 4432115248 1424983850.1790 2462 _
47491268864 -76 4432115203 1424983850.1790 2462 UofM_
47491268868 -78 4432115241 1424983850.1790 2462 UofM_Guest_
47491268866 -78 4432115235 1424983850.1790 2462 UofM_Secure_
47491268872 -78 4432115254 1424983850.1790 2462 eduroam_
47491271492 -85 4428545189 1424983850.1790 2437 UofM_Guest_
47491271488 -87 4428545185 1424983850.1790 2437 UofM_
189441481136064 -84 4432115210 1424983850.1790 2437 UofM_
189441481136068 -84 4428545200 1424983850.1790 2437 UofM_Guest_
189441481136072 -82 4428545181 1424983850.1790 2437 eduroam_
47491959240 -71 4432115196 1424983850.1790 2437 eduroam_
189441481136065 -77 4428545235 1424983850.1790 5765 UofM_
47491463104 -83 4432115173 1424983850.1790 2412 UofM_
189441481136073 -80 4428545231 1424983850.1790 5765 eduroam_
189441481136069 -76 4428545227 1424983850.1790 5765 UofM_Guest_
47494398596 -85 4432115216 1424983850.1790 2462 UofM_Guest_
47494398598 -85 4432115222 1424983850.1790 2462 _
47491463108 -85 4432115162 1424983850.1790 2412 UofM_Guest_
47491959234 -71 4432115185 1424983850.1790 2437 UofM_Secure_
47494398600 -86 4432115229 1424983850.1790 2462 eduroam_
47491463112 -87 4432115167 1424983850.1790 2412 eduroam_
47491959232 -68 4432115179 1424983850.1790 2437 UofM_
47491959236 -69 4432115190 1424983850.1790 2437 UofM_Guest_
