189441481136064 -77 4683383177 1424984105.2830 2437 UofM_
47491959234 -65 4687220281 1424984105.2830 2437 UofM_Secure_
47491959240 -66 4687220276 1424984105.2830 2437 eduroam_
47491959238 -86 4687220270 1424984105.2830 2437 _
47491959232 -66 4687220258 1424984105.2830 2437 UofM_
47491959236 -67 4687220264 1424984105.2830 2437 UofM_Guest_
47491463106 -73 4687220227 1424984105.2830 2412 UofM_Secure_
47494398600 -83 4687220309 1424984105.2830 2462 eduroam_
47491463112 -78 4687220233 1424984105.2830 2412 eduroam_
47491463108 -76 4687220247 1424984105.2830 2412 UofM_Guest_
47494398596 -81 4683383183 1424984105.2830 2462 UofM_Guest_
47494398598 -84 4687220303 1424984105.2830 2462 _
47491463104 -80 4687220240 1424984105.2830 2412 UofM_
47494398592 -85 4683383200 1424984105.2830 2462 UofM_
71145876123140 -86 4683383204 1424984105.2830 2462 UofM_Guest_
47491959235 -70 4687220321 1424984105.2830 5180 UofM_Secure_
47491959241 -70 4687220338 1424984105.2830 5180 eduroam_
47491268867 -75 4687220350 1424984105.2830 5785 UofM_Secure_
47491268873 -77 4687220364 1424984105.2830 5785 eduroam_
47491271496 -84 4687220298 1424984105.2830 2437 eduroam_
9608971665516 -87 4687220220 1424984105.2830 2412 UNITE-C06C_
47491959233 -69 4687220315 1424984105.2830 5180 UofM_
47491959237 -71 4687220327 1424984105.2830 5180 UofM_Guest_
47491959239 -71 4687220332 1424984105.2830 5180 _
47491268865 -77 4687220343 1424984105.2830 5785 UofM_
47491268869 -79 4687220357 1424984105.2830 5785 UofM_Guest_
47491271492 -80 4687220292 1424984105.2830 2437 UofM_Guest_
47491271488 -81 4687220287 1424984105.2830 2437 UofM_
47491463110 -82 4687220252 1424984105.2830 2412 _
