47491959234 -77 4387664079 1424983811.8880 2437 UofM_Secure_
162797488891936 -76 4393778742 1424983811.8880 2437 viro-geni-2_
47491268873 -62 4393778924 1424983811.8880 5785 eduroam_
47491268867 -61 4393778913 1424983811.8880 5785 UofM_Secure_
47492007875 -77 4393778873 1424983811.8880 5220 UofM_Secure_
47491268865 -61 4393778906 1424983811.8880 5785 UofM_
47491268869 -61 4393778919 1424983811.8880 5785 UofM_Guest_
47492007873 -78 4393778863 1424983811.8880 5220 UofM_
47491268870 -68 4393778825 1424983811.8880 2462 _
47491268864 -64 4393778813 1424983811.8880 2462 UofM_
47491268868 -64 4393778818 1424983811.8880 2462 UofM_Guest_
47492007872 -74 4393778714 1424983811.8880 2412 UofM_
47491268866 -71 4387664126 1424983811.8880 2462 UofM_Secure_
47491268872 -69 4393778831 1424983811.8880 2462 eduroam_
47491473984 -74 4393778750 1424983811.8880 2437 UofM_
47491959232 -86 4387664107 1424983811.8880 2437 UofM_
47491473986 -74 4393778765 1424983811.8880 2437 UofM_Secure_
47491328712 -85 4390437475 1424983811.8880 2437 eduroam_
211938385015607 -75 4393778757 1424983811.8880 2437 HS-HOME-NET_
47491473992 -78 4393778792 1424983811.8880 2437 eduroam_
9354243434184 -86 4387664101 1424983811.8880 2437 eduroam_
47491268871 -75 4387664161 1424983811.8880 5785 _
47491328708 -83 4390437469 1424983811.8880 2437 UofM_Guest_
47491328710 -76 4387664035 1424983811.8880 2437 _
47491328704 -83 4390437464 1424983811.8880 2437 UofM_
47491473990 -77 4393778782 1424983811.8880 2437 _
47491473988 -75 4393778773 1424983811.8880 2437 UofM_Guest_
9354243434176 -85 4387664089 1424983811.8880 2437 UofM_
9354243434182 -85 4387664095 1424983811.8880 2437 _
47492007881 -78 4393778899 1424983811.8880 5220 eduroam_
84207466584968 -85 4393778705 1424983811.8880 2412 eduroam_
2297084420154 -80 4390437412 1424983811.8880 2412 DIRECT-_
47492007877 -78 4393778881 1424983811.8880 5220 UofM_Guest_
211938385015619 -87 4390437486 1424983811.8880 2437 viro2_
47492007874 -71 4393778720 1424983811.8880 2412 UofM_Secure_
47492007880 -74 4393778737 1424983811.8880 2412 eduroam_
84207466584962 -82 4393778684 1424983811.8880 2412 UofM_Secure_
47493331336 -82 4393778855 1424983811.8880 2462 eduroam_
211938385015055 -83 4393778799 1424983811.8880 2437 viro-geni-1_
47492007879 -79 4393778890 1424983811.8880 5220 _
47492007876 -75 4393778726 1424983811.8880 2412 UofM_Guest_
47492007878 -76 4393778731 1424983811.8880 2412 _
9354243434181 -81 4393778930 1424983811.8880 5785 UofM_Guest_
47491959236 -77 4393778807 1424983811.8880 2437 UofM_Guest_
47493331334 -83 4393778848 1424983811.8880 2462 _
84207466584960 -84 4393778678 1424983811.8880 2412 UofM_
47493331328 -84 4393778836 1424983811.8880 2462 UofM_
47493331332 -85 4393778841 1424983811.8880 2462 UofM_Guest_
84207466584966 -88 4393778698 1424983811.8880 2412 _
84207466584964 -90 4393778691 1424983811.8880 2412 UofM_Guest_
