47491268865 -75 4135989406 1424983557.5490 5785 UofM_
47491268866 -70 4135989356 1424983557.5490 2462 UofM_Secure_
47491268872 -81 4139488592 1424983557.5490 2462 eduroam_
47491272321 -80 4139488597 1424983557.5490 5745 UofM_
47491268864 -81 4139488587 1424983557.5490 2462 UofM_
47491268868 -73 4135989345 1424983557.5490 2462 UofM_Guest_
47491268870 -77 4135989361 1424983557.5490 2462 _
47491272326 -85 4135989310 1424983557.5490 2412 _
47491272320 -88 4139488552 1424983557.5490 2412 UofM_
47491272324 -86 4135989304 1424983557.5490 2412 UofM_Guest_
47491272328 -83 4135989315 1424983557.5490 2412 eduroam_
189441481136073 -75 4139488615 1424983557.5490 5765 eduroam_
47491268873 -70 4135989426 1424983557.5490 5785 eduroam_
189441481136067 -75 4139488606 1424983557.5490 5765 UofM_Secure_
47491268867 -71 4135989412 1424983557.5490 5785 UofM_Secure_
189441481136069 -76 4139488611 1424983557.5490 5765 UofM_Guest_
47491268869 -74 4135989419 1424983557.5490 5785 UofM_Guest_
189441481136065 -78 4139488601 1424983557.5490 5765 UofM_
47491959240 -81 4139488577 1424983557.5490 2437 eduroam_
47491959236 -81 4139488567 1424983557.5490 2437 UofM_Guest_
47491959238 -83 4139488572 1424983557.5490 2437 _
47491959232 -81 4139488558 1424983557.5490 2437 UofM_
47491959234 -81 4139488563 1424983557.5490 2437 UofM_Secure_
47491463112 -87 4139488547 1424983557.5490 2412 eduroam_
47491463104 -80 4139488535 1424983557.5490 2412 UofM_
47491463108 -84 4139488541 1424983557.5490 2412 UofM_Guest_
189441481136068 -85 4139488581 1424983557.5490 2437 UofM_Guest_
