47491268867 -73 4716783048 1424984134.8430 5785 UofM_Secure_
47491268873 -66 4716783040 1424984134.8430 5785 eduroam_
47491268865 -74 4716783044 1424984134.8430 5785 UofM_
47491268869 -69 4716783032 1424984134.8430 5785 UofM_Guest_
47491268872 -74 4716782984 1424984134.8430 2462 eduroam_
47491268864 -73 4716782973 1424984134.8430 2462 UofM_
47491959234 -83 4716782968 1424984134.8430 2437 UofM_Secure_
47491473992 -78 4713061289 1424984134.8430 2437 eduroam_
47491268868 -72 4716782977 1424984134.8430 2462 UofM_Guest_
47491268870 -74 4716782981 1424984134.8430 2462 _
47491473988 -72 4713061280 1424984134.8430 2437 UofM_Guest_
47491473984 -75 4713061275 1424984134.8430 2437 UofM_
47491473986 -77 4713061283 1424984134.8430 2437 UofM_Secure_
47492007880 -80 4713061259 1424984134.8430 2412 eduroam_
47492007872 -75 4716782928 1424984134.8430 2412 UofM_
47492007876 -88 4716782935 1424984134.8430 2412 UofM_Guest_
47492007874 -78 4713061250 1424984134.8430 2412 UofM_Secure_
47491328712 -88 4716782954 1424984134.8430 2437 eduroam_
47491268424 -84 4713061321 1424984134.8430 2462 eduroam_
9354243434184 -86 4713061272 1424984134.8430 2437 eduroam_
47491268871 -66 4716783036 1424984134.8430 5785 _
9354243434180 -82 4713061263 1424984134.8430 2437 UofM_Guest_
47491268420 -83 4713061307 1424984134.8430 2462 UofM_Guest_
9354243434182 -84 4713061267 1424984134.8430 2437 _
47491268416 -85 4713061304 1424984134.8430 2462 UofM_
47491328710 -87 4716782950 1424984134.8430 2437 _
47491268422 -87 4713061314 1424984134.8430 2462 _
47492007881 -78 4716783027 1424984134.8430 5220 eduroam_
47491268866 -74 4716782988 1424984134.8430 2462 UofM_Secure_
47492007875 -82 4716782997 1424984134.8430 5220 UofM_Secure_
211938385015607 -79 4716782940 1424984134.8430 2437 HS-HOME-NET_
114896623892006 -80 4716782958 1424984134.8430 2437 NAO_
162797488891936 -81 4716782945 1424984134.8430 2437 viro-geni-2_
47492007873 -78 4716782993 1424984134.8430 5220 UofM_
47492007877 -79 4716783022 1424984134.8430 5220 UofM_Guest_
211938385015619 -76 4716782964 1424984134.8430 2437 viro2_
84207466584960 -86 4716782919 1424984134.8430 2412 UofM_
84207466584964 -88 4716782924 1424984134.8430 2412 UofM_Guest_
