47491272324 -86 4533068571 1424983951.4680 2412 UofM_Guest_
47491272328 -85 4533068581 1424983951.4680 2412 eduroam_
47491272326 -87 4533068577 1424983951.4680 2412 _
47491272329 -80 4533068652 1424983951.4680 5745 eduroam_
47491271497 -77 4533068645 1424983951.4680 5220 eduroam_
47491271491 -79 4495936570 1424983951.4680 5220 UofM_Secure_
47491271489 -78 4533068630 1424983951.4680 5220 UofM_
47491271493 -81 4533068638 1424983951.4680 5220 UofM_Guest_
47491271488 -69 4533365801 1424983951.4680 2437 UofM_
47491271496 -70 4533365813 1424983951.4680 2437 eduroam_
47491271494 -69 4533365809 1424983951.4680 2437 _
47491271490 -73 4533068596 1424983951.4680 2437 UofM_Secure_
189441481136070 -90 4533365797 1424983951.4680 2437 _
47491268872 -84 4533068620 1424983951.4680 2462 eduroam_
47491271492 -70 4533365805 1424983951.4680 2437 UofM_Guest_
47491268868 -79 4533068614 1424983951.4680 2462 UofM_Guest_
47491268864 -83 4533068609 1424983951.4680 2462 UofM_
47491268870 -84 4533068625 1424983951.4680 2462 _
