47491271490 -75 4065783387 1424983491.1160 2437 UofM_Secure_
47491271488 -85 4069402346 1424983491.1160 2437 UofM_
47491271496 -83 4069402377 1424983491.1160 2437 eduroam_
47491272320 -65 4072960983 1424983491.1160 2412 UofM_
47491272329 -62 4072961080 1424983491.1160 5745 eduroam_
47491272323 -61 4072961069 1424983491.1160 5745 UofM_Secure_
47491272322 -66 4072960989 1424983491.1160 2412 UofM_Secure_
47491272328 -66 4072961036 1424983491.1160 2412 eduroam_
47491272321 -60 4072961064 1424983491.1160 5745 UofM_
47491272325 -62 4072961074 1424983491.1160 5745 UofM_Guest_
47491272324 -66 4072960995 1424983491.1160 2412 UofM_Guest_
189441481136073 -63 4072961109 1424983491.1160 5765 eduroam_
47491272326 -66 4072961030 1424983491.1160 2412 _
189441481136065 -55 4072961091 1424983491.1160 5765 UofM_
189441481136069 -55 4072961102 1424983491.1160 5765 UofM_Guest_
47491272327 -61 4072961086 1424983491.1160 5745 _
189441481136067 -61 4072961097 1424983491.1160 5765 UofM_Secure_
189441481136072 -72 4072961047 1424983491.1160 2437 eduroam_
189441481136071 -60 4072961116 1424983491.1160 5765 _
189441481136070 -74 4072961059 1424983491.1160 2437 _
189441481136068 -74 4072961052 1424983491.1160 2437 UofM_Guest_
189441481136064 -76 4072961042 1424983491.1160 2437 UofM_
