47491272328 -72 4047410776 1424983465.4710 2412 eduroam_
47491272324 -68 4047410769 1424983465.4710 2412 UofM_Guest_
47491272320 -68 4047410765 1424983465.4710 2412 UofM_
47491272326 -71 4047410772 1424983465.4710 2412 _
47491272329 -61 4047410816 1424983465.4710 5745 eduroam_
47491272323 -63 4047410809 1424983465.4710 5745 UofM_Secure_
47491272325 -64 4047410813 1424983465.4710 5745 UofM_Guest_
47491272321 -61 4047410805 1424983465.4710 5745 UofM_
47491271497 -78 4043722075 1424983465.4710 5220 eduroam_
47491271491 -80 4043722066 1424983465.4710 5220 UofM_Secure_
47491271489 -78 4043722063 1424983465.4710 5220 UofM_
47491271493 -79 4043722071 1424983465.4710 5220 UofM_Guest_
47491271490 -76 4047410801 1424983465.4710 2437 UofM_Secure_
47491271496 -80 4047410797 1424983465.4710 2437 eduroam_
47491271492 -77 4047410790 1424983465.4710 2437 UofM_Guest_
47491271488 -79 4047410787 1424983465.4710 2437 UofM_
47491271494 -78 4047410794 1424983465.4710 2437 _
189441481136067 -75 4047410834 1424983465.4710 5765 UofM_Secure_
189441481136073 -75 4047410829 1424983465.4710 5765 eduroam_
189441481136072 -83 4047410783 1424983465.4710 2437 eduroam_
189441481136065 -71 4047410820 1424983465.4710 5765 UofM_
189441481136071 -72 4047410840 1424983465.4710 5765 _
189441481136069 -73 4047410825 1424983465.4710 5765 UofM_Guest_
189441481136064 -81 4047410780 1424983465.4710 2437 UofM_
