47491268873 -76 4428545254 1424983846.6050 5785 eduroam_
47491268867 -77 4428545242 1424983846.6050 5785 UofM_Secure_
47491268865 -76 4428545239 1424983846.6050 5785 UofM_
47491268869 -76 4428545250 1424983846.6050 5785 UofM_Guest_
47491268870 -66 4428545215 1424983846.6050 2462 _
47491268864 -66 4428545192 1424983846.6050 2462 UofM_
47491268868 -66 4428545211 1424983846.6050 2462 UofM_Guest_
47491268866 -69 4428545223 1424983846.6050 2462 UofM_Secure_
47491268872 -69 4428545219 1424983846.6050 2462 eduroam_
47491271492 -85 4428545189 1424983846.6050 2437 UofM_Guest_
47491271496 -86 4424857915 1424983846.6050 2437 eduroam_
47491271488 -87 4428545185 1424983846.6050 2437 UofM_
47491271494 -85 4424857912 1424983846.6050 2437 _
189441481136064 -83 4428545196 1424983846.6050 2437 UofM_
189441481136070 -74 4424857932 1424983846.6050 2437 _
189441481136068 -84 4428545200 1424983846.6050 2437 UofM_Guest_
189441481136072 -82 4428545181 1424983846.6050 2437 eduroam_
189441481136067 -83 4424857960 1424983846.6050 5765 UofM_Secure_
189441481136066 -79 4424857924 1424983846.6050 2437 UofM_Secure_
47491959240 -83 4424857918 1424983846.6050 2437 eduroam_
189441481136065 -77 4428545235 1424983846.6050 5765 UofM_
47491272320 -84 4424857901 1424983846.6050 2412 UofM_
47491463104 -85 4428545173 1424983846.6050 2412 UofM_
189441481136073 -80 4428545231 1424983846.6050 5765 eduroam_
189441481136069 -76 4428545227 1424983846.6050 5765 UofM_Guest_
47494398596 -80 4428545204 1424983846.6050 2462 UofM_Guest_
47494398598 -81 4428545208 1424983846.6050 2462 _
47491463108 -85 4428545177 1424983846.6050 2412 UofM_Guest_
