47491272326 -86 4194382420 1424983612.4900 2412 _
47491272320 -84 4194382409 1424983612.4900 2412 UofM_
47491272324 -85 4194382414 1424983612.4900 2412 UofM_Guest_
189441481136068 -73 4194382435 1424983612.4900 2437 UofM_Guest_
189441481136072 -73 4194382448 1424983612.4900 2437 eduroam_
189441481136070 -72 4194382441 1424983612.4900 2437 _
189441481136064 -72 4194382430 1424983612.4900 2437 UofM_
47491272328 -85 4194382425 1424983612.4900 2412 eduroam_
47491268872 -82 4159986301 1424983612.4900 2462 eduroam_
47494398600 -82 4159986306 1424983612.4900 2462 eduroam_
47491268868 -80 4159986285 1424983612.4900 2462 UofM_Guest_
47491268864 -81 4159986270 1424983612.4900 2462 UofM_
47494398598 -83 4159986262 1424983612.4900 2462 _
47494398592 -77 4159986248 1424983612.4900 2462 UofM_
47494398596 -78 4159986255 1424983612.4900 2462 UofM_Guest_
47491268870 -81 4159986294 1424983612.4900 2462 _
47491268873 -72 4159986347 1424983612.4900 5785 eduroam_
47491268867 -73 4159986322 1424983612.4900 5785 UofM_Secure_
47491268866 -80 4159986276 1424983612.4900 2462 UofM_Secure_
47491268865 -73 4159986311 1424983612.4900 5785 UofM_
47491268869 -75 4159986336 1424983612.4900 5785 UofM_Guest_
47491268871 -76 4159986356 1424983612.4900 5785 _
189441481136067 -73 4194382463 1424983612.4900 5765 UofM_Secure_
189441481136073 -71 4194382477 1424983612.4900 5765 eduroam_
189441481136071 -69 4194382483 1424983612.4900 5765 _
189441481136069 -70 4194382470 1424983612.4900 5765 UofM_Guest_
189441481136065 -70 4194382456 1424983612.4900 5765 UofM_
