47491268865 -70 4773145909 1424984196.9740 5785 UofM_
162797488891936 -65 4778869907 1424984196.9740 2437 viro-geni-2_
47492007872 -76 4778869860 1424984196.9740 2412 UofM_
47492007876 -76 4778869868 1424984196.9740 2412 UofM_Guest_
47492007878 -78 4778869874 1424984196.9740 2412 _
47491959240 -85 4775512305 1424984196.9740 2437 eduroam_
47492007880 -79 4778869880 1424984196.9740 2412 eduroam_
47492007874 -76 4778869864 1424984196.9740 2412 UofM_Secure_
47491959232 -82 4773145848 1424984196.9740 2437 UofM_
211938385015607 -69 4778869910 1424984196.9740 2437 HS-HOME-NET_
47491268872 -79 4778869934 1424984196.9740 2462 eduroam_
211938385015619 -73 4778869917 1424984196.9740 2437 viro2_
47493331328 -86 4775512381 1424984196.9740 2462 UofM_
47491268868 -75 4778869927 1424984196.9740 2462 UofM_Guest_
84207466584962 -76 4773145852 1424984196.9740 2412 UofM_Secure_
47491268867 -69 4773145914 1424984196.9740 5785 UofM_Secure_
47491268873 -74 4773145923 1424984196.9740 5785 eduroam_
47492007875 -79 4773145891 1424984196.9740 5220 UofM_Secure_
162797488891937 -72 4778869948 1424984196.9740 5765 Linksys19141_5GHz_
47492007881 -79 4773145900 1424984196.9740 5220 eduroam_
211938385015055 -77 4778869914 1424984196.9740 2437 viro-geni-1_
47493331336 -83 4778869942 1424984196.9740 2462 eduroam_
2297084420154 -74 4778869855 1424984196.9740 2412 DIRECT-_
47491268869 -72 4773145919 1424984196.9740 5785 UofM_Guest_
47491268864 -75 4778869923 1424984196.9740 2462 UofM_
47492007877 -80 4773145896 1424984196.9740 5220 UofM_Guest_
47491268870 -80 4778869930 1424984196.9740 2462 _
47492007873 -81 4773145887 1424984196.9740 5220 UofM_
47493331332 -85 4775512389 1424984196.9740 2462 UofM_Guest_
47493331334 -86 4775512395 1424984196.9740 2462 _
47491268866 -78 4778869937 1424984196.9740 2462 UofM_Secure_
47491473992 -85 4778869920 1424984196.9740 2437 eduroam_
84207466584968 -90 4778869898 1424984196.9740 2412 eduroam_
47491269568 -86 4778869903 1424984196.9740 2412 UofM_
84207466584966 -87 4778869892 1424984196.9740 2412 _
84207466584964 -88 4778869886 1424984196.9740 2412 UofM_Guest_
