47491272320 -72 4097847964 1424983515.9080 2412 UofM_
47491272329 -65 4097847997 1424983515.9080 5745 eduroam_
47491272323 -58 4097847960 1424983515.9080 5745 UofM_Secure_
47491272328 -75 4097847967 1424983515.9080 2412 eduroam_
47491272321 -66 4097847988 1424983515.9080 5745 UofM_
47491272325 -63 4097847993 1424983515.9080 5745 UofM_Guest_
47491272324 -67 4097847952 1424983515.9080 2412 UofM_Guest_
47491272326 -68 4097847956 1424983515.9080 2412 _
189441481136073 -61 4097848044 1424983515.9080 5765 eduroam_
189441481136067 -64 4097848034 1424983515.9080 5765 UofM_Secure_
47491272327 -71 4094349602 1424983515.9080 5745 _
189441481136069 -60 4097848039 1424983515.9080 5765 UofM_Guest_
189441481136065 -62 4097848028 1424983515.9080 5765 UofM_
189441481136068 -70 4097847978 1424983515.9080 2437 UofM_Guest_
189441481136072 -71 4097847984 1424983515.9080 2437 eduroam_
189441481136066 -71 4097847974 1424983515.9080 2437 UofM_Secure_
189441481136071 -64 4097848049 1424983515.9080 5765 _
189441481136070 -70 4097847981 1424983515.9080 2437 _
189441481136064 -72 4097847970 1424983515.9080 2437 UofM_
