47491268865 -69 4132486510 1424983550.5470 5785 UofM_
47491268866 -73 4132486503 1424983550.5470 2462 UofM_Secure_
47491268872 -80 4132486500 1424983550.5470 2462 eduroam_
47491272321 -80 4132486433 1424983550.5470 5745 UofM_
47491268864 -78 4132486436 1424983550.5470 2462 UofM_
47491268868 -77 4132486439 1424983550.5470 2462 UofM_Guest_
47491268870 -80 4132486507 1424983550.5470 2462 _
47491272326 -85 4132486421 1424983550.5470 2412 _
47491272320 -83 4132486411 1424983550.5470 2412 UofM_
47491272324 -85 4132486418 1424983550.5470 2412 UofM_Guest_
189441481136070 -78 4132486430 1424983550.5470 2437 _
189441481136072 -73 4128993218 1424983550.5470 2437 eduroam_
189441481136066 -72 4128993201 1424983550.5470 2437 UofM_Secure_
47491272328 -83 4132486424 1424983550.5470 2412 eduroam_
47491272322 -79 4132486414 1424983550.5470 2412 UofM_Secure_
189441481136073 -76 4128993242 1424983550.5470 5765 eduroam_
47491268873 -68 4132486519 1424983550.5470 5785 eduroam_
189441481136067 -77 4128993227 1424983550.5470 5765 UofM_Secure_
47491268867 -71 4132486513 1424983550.5470 5785 UofM_Secure_
189441481136064 -82 4132486427 1424983550.5470 2437 UofM_
189441481136068 -74 4128993208 1424983550.5470 2437 UofM_Guest_
189441481136069 -82 4128993233 1424983550.5470 5765 UofM_Guest_
47491268869 -67 4132486516 1424983550.5470 5785 UofM_Guest_
189441481136065 -78 4128993223 1424983550.5470 5765 UofM_
47491268871 -74 4128993266 1424983550.5470 5785 _
189441481136071 -77 4128993237 1424983550.5470 5765 _
