47491268867 -68 4743500875 1424984161.5640 5785 UofM_Secure_
47491268873 -67 4743500884 1424984161.5640 5785 eduroam_
47491268865 -58 4743500820 1424984161.5640 5785 UofM_
47491268869 -66 4743500880 1424984161.5640 5785 UofM_Guest_
47492007880 -82 4733130078 1424984161.5640 2412 eduroam_
47491268871 -69 4733130113 1424984161.5640 5785 _
47492007881 -74 4743500870 1424984161.5640 5220 eduroam_
47492007875 -74 4743500860 1424984161.5640 5220 UofM_Secure_
211938385015607 -73 4733130089 1424984161.5640 2437 HS-HOME-NET_
162797488891936 -68 4733130082 1424984161.5640 2437 viro-geni-2_
47492007873 -74 4743500856 1424984161.5640 5220 UofM_
47492007877 -74 4743500865 1424984161.5640 5220 UofM_Guest_
211938385015619 -79 4743500824 1424984161.5640 2437 viro2_
84207466584964 -87 4733130051 1424984161.5640 2412 UofM_Guest_
84207466584962 -79 4733130046 1424984161.5640 2412 UofM_Secure_
84207466584968 -84 4733130055 1424984161.5640 2412 eduroam_
211938385015055 -82 4733130093 1424984161.5640 2437 viro-geni-1_
47492007872 -77 4733130064 1424984161.5640 2412 UofM_
47492007876 -80 4733130071 1424984161.5640 2412 UofM_Guest_
47492007878 -80 4733130074 1424984161.5640 2412 _
84207466584960 -84 4733130042 1424984161.5640 2412 UofM_
84207466584966 -83 4733130059 1424984161.5640 2412 _
47492007874 -74 4733130067 1424984161.5640 2412 UofM_Secure_
47491268872 -61 4743500847 1424984161.5640 2462 eduroam_
47491268864 -65 4743500837 1424984161.5640 2462 UofM_
47491268868 -63 4743500840 1424984161.5640 2462 UofM_Guest_
47491268870 -66 4743500844 1424984161.5640 2462 _
47491268866 -67 4743500851 1424984161.5640 2462 UofM_Secure_
47491959240 -77 4743500833 1424984161.5640 2437 eduroam_
47491959232 -78 4743500829 1424984161.5640 2437 UofM_
