47491272328 -70 4043722036 1424983461.7850 2412 eduroam_
47491272324 -70 4043722033 1424983461.7850 2412 UofM_Guest_
47491272320 -71 4043722043 1424983461.7850 2412 UofM_
47491272326 -75 4043722046 1424983461.7850 2412 _
47491272329 -70 4043722090 1424983461.7850 5745 eduroam_
47491272323 -69 4043722082 1424983461.7850 5745 UofM_Secure_
47491272325 -71 4043722086 1424983461.7850 5745 UofM_Guest_
47491272321 -70 4043722078 1424983461.7850 5745 UofM_
47491271497 -78 4043722075 1424983461.7850 5220 eduroam_
47491271491 -80 4043722066 1424983461.7850 5220 UofM_Secure_
47491271489 -78 4043722063 1424983461.7850 5220 UofM_
47491271493 -79 4043722071 1424983461.7850 5220 UofM_Guest_
47491271490 -73 4043722040 1424983461.7850 2437 UofM_Secure_
47491271496 -80 4043722059 1424983461.7850 2437 eduroam_
47491271492 -78 4043722053 1424983461.7850 2437 UofM_Guest_
47491271488 -80 4043722050 1424983461.7850 2437 UofM_
47491271494 -78 4043722056 1424983461.7850 2437 _
47491268873 -77 4034070682 1424983461.7850 5785 eduroam_
47491272322 -77 4034070642 1424983461.7850 2412 UofM_Secure_
189441478940488 -84 4034070635 1424983461.7850 2412 eduroam_
189441478940480 -84 4034070624 1424983461.7850 2412 UofM_
189441478940484 -85 4034070627 1424983461.7850 2412 UofM_Guest_
189441478940486 -86 4034070631 1424983461.7850 2412 _
