47491959240 -49 3899898579 1424983317.9580 2437 eduroam_
47491959232 -49 3899898590 1424983317.9580 2437 UofM_
47491959236 -50 3899898602 1424983317.9580 2437 UofM_Guest_
47491959238 -50 3899898607 1424983317.9580 2437 _
47491959235 -59 3899898613 1424983317.9580 5180 UofM_Secure_
47491959241 -60 3899898629 1424983317.9580 5180 eduroam_
47491959237 -61 3899898624 1424983317.9580 5180 UofM_Guest_
47491959233 -60 3899898619 1424983317.9580 5180 UofM_
189441478786248 -81 3899898575 1424983317.9580 2412 eduroam_
114896623892006 -86 3899898585 1424983317.9580 2437 NAO_
189441478786246 -80 3899898570 1424983317.9580 2412 _
47491268873 -79 3899898652 1424983317.9580 5785 eduroam_
47491268867 -79 3899898640 1424983317.9580 5785 UofM_Secure_
47491268869 -78 3899898646 1424983317.9580 5785 UofM_Guest_
47491268865 -81 3899898634 1424983317.9580 5785 UofM_
47491959234 -56 3899898596 1424983317.9580 2437 UofM_Secure_
189441478786242 -77 3896278068 1424983317.9580 2412 UofM_Secure_
189441478786240 -81 3896278063 1424983317.9580 2412 UofM_
189441478786244 -81 3896278072 1424983317.9580 2412 UofM_Guest_
