47491268873 -71 4260806767 1424983678.8660 5785 eduroam_
47491268867 -70 4260806760 1424983678.8660 5785 UofM_Secure_
47491268865 -71 4260806757 1424983678.8660 5785 UofM_
47491268869 -69 4260806764 1424983678.8660 5785 UofM_Guest_
47491268872 -68 4257177109 1424983678.8660 2462 eduroam_
47491268866 -71 4260806706 1424983678.8660 2462 UofM_Secure_
47491268864 -76 4260806718 1424983678.8660 2462 UofM_
47491268870 -76 4260806725 1424983678.8660 2462 _
47492007880 -84 4260806697 1424983678.8660 2412 eduroam_
47492007874 -79 4257177061 1424983678.8660 2412 UofM_Secure_
47492007876 -82 4260806690 1424983678.8660 2412 UofM_Guest_
47492007878 -82 4260806694 1424983678.8660 2412 _
47491268868 -73 4260806722 1424983678.8660 2462 UofM_Guest_
47492007881 -80 4260806754 1424983678.8660 5220 eduroam_
47492007875 -78 4260806751 1424983678.8660 5220 UofM_Secure_
211938385015607 -77 4260806709 1424983678.8660 2437 HS-HOME-NET_
47492007877 -78 4257177139 1424983678.8660 5220 UofM_Guest_
47492007879 -76 4257177150 1424983678.8660 5220 _
47492007873 -77 4257177128 1424983678.8660 5220 UofM_
47491473992 -82 4260806703 1424983678.8660 2437 eduroam_
47491268871 -72 4257177177 1424983678.8660 5785 _
162797488891936 -69 4260806715 1424983678.8660 2437 viro-geni-2_
47493331337 -77 4260806748 1424983678.8660 5180 eduroam_
47493331331 -79 4260806740 1424983678.8660 5180 UofM_Secure_
47493331330 -78 4260806728 1424983678.8660 2462 UofM_Secure_
47493331333 -77 4260806744 1424983678.8660 5180 UofM_Guest_
47493331329 -80 4260806737 1424983678.8660 5180 UofM_
47493331334 -84 4260806734 1424983678.8660 2462 _
47493331332 -84 4260806731 1424983678.8660 2462 UofM_Guest_
84207466584964 -84 4260806700 1424983678.8660 2412 UofM_Guest_
47491959238 -85 4260806712 1424983678.8660 2437 _
