47491959240 -66 3907001514 1424983325.0580 2437 eduroam_
47491959232 -66 3907001501 1424983325.0580 2437 UofM_
47491959236 -66 3907001508 1424983325.0580 2437 UofM_Guest_
47491959238 -65 3907001511 1424983325.0580 2437 _
47491959235 -75 3907001536 1424983325.0580 5180 UofM_Secure_
47491959241 -76 3907001542 1424983325.0580 5180 eduroam_
47491959237 -77 3907001539 1424983325.0580 5180 UofM_Guest_
47491959233 -75 3907001533 1424983325.0580 5180 UofM_
189441478786248 -83 3907001495 1424983325.0580 2412 eduroam_
114896623892006 -82 3907001498 1424983325.0580 2437 NAO_
189441478786246 -87 3907001492 1424983325.0580 2412 _
47491959234 -66 3907001504 1424983325.0580 2437 UofM_Secure_
189441478786240 -77 3903457985 1424983325.0580 2412 UofM_
47491959239 -73 3903458606 1424983325.0580 5180 _
47491460546 -75 3907001530 1424983325.0580 2462 UofM_Secure_
47491460552 -84 3907001526 1424983325.0580 2462 eduroam_
47491460548 -83 3907001517 1424983325.0580 2462 UofM_Guest_
47491460550 -85 3907001520 1424983325.0580 2462 _
47491460544 -85 3907001523 1424983325.0580 2462 UofM_
189441478786244 -86 3907001489 1424983325.0580 2412 UofM_Guest_
