47491272326 -77 4603455046 1424984028.2600 2412 _
189441481136065 -80 4603455091 1424984028.2600 5765 UofM_
47491272320 -77 4603455032 1424984028.2600 2412 UofM_
47494398600 -72 4610150099 1424984028.2600 2462 eduroam_
47491268868 -81 4610150104 1424984028.2600 2462 UofM_Guest_
47491268864 -81 4610150102 1424984028.2600 2462 UofM_
189441481136068 -78 4605579835 1424984028.2600 2437 UofM_Guest_
189441481136072 -74 4610150081 1424984028.2600 2437 eduroam_
47491268867 -78 4610150120 1424984028.2600 5785 UofM_Secure_
47491268873 -79 4610150127 1424984028.2600 5785 eduroam_
47491268865 -77 4610150116 1424984028.2600 5785 UofM_
47491268869 -77 4610150124 1424984028.2600 5785 UofM_Guest_
47491272324 -79 4603455041 1424984028.2600 2412 UofM_Guest_
47494398596 -70 4610150093 1424984028.2600 2462 UofM_Guest_
47494398598 -74 4610150096 1424984028.2600 2462 _
47494398594 -74 4610150113 1424984028.2600 2462 UofM_Secure_
47494398592 -72 4610150090 1424984028.2600 2462 UofM_
189441481136070 -76 4605579841 1424984028.2600 2437 _
189441481136064 -78 4605579821 1424984028.2600 2437 UofM_
47491272323 -67 4599915785 1424984028.2600 5745 UofM_Secure_
47491272328 -81 4603455049 1424984028.2600 2412 eduroam_
47491272322 -76 4603455036 1424984028.2600 2412 UofM_Secure_
189441481136066 -78 4605579830 1424984028.2600 2437 UofM_Secure_
47491268872 -81 4610150110 1424984028.2600 2462 eduroam_
47491268870 -81 4610150107 1424984028.2600 2462 _
47491271496 -84 4610150069 1424984028.2600 2437 eduroam_
47491959240 -84 4610150087 1424984028.2600 2437 eduroam_
47491959232 -79 4610150075 1424984028.2600 2437 UofM_
47491959236 -80 4610150078 1424984028.2600 2437 UofM_Guest_
47491959238 -83 4610150084 1424984028.2600 2437 _
47491271492 -86 4610150067 1424984028.2600 2437 UofM_Guest_
47491271488 -86 4610150064 1424984028.2600 2437 UofM_
47491271494 -87 4610150072 1424984028.2600 2437 _
