47491271490 -75 4065783387 1424983487.4670 2437 UofM_Secure_
47491271492 -77 4065783400 1424983487.4670 2437 UofM_Guest_
47491271488 -85 4069402346 1424983487.4670 2437 UofM_
47491271491 -84 4065783420 1424983487.4670 5220 UofM_Secure_
47491271496 -83 4069402377 1424983487.4670 2437 eduroam_
47491272320 -69 4069402302 1424983487.4670 2412 UofM_
47491272329 -61 4069402402 1424983487.4670 5745 eduroam_
47491272323 -68 4069402391 1424983487.4670 5745 UofM_Secure_
47491272322 -75 4069402311 1424983487.4670 2412 UofM_Secure_
47491272328 -71 4069402333 1424983487.4670 2412 eduroam_
47491272321 -62 4069402383 1424983487.4670 5745 UofM_
47491271494 -80 4065783408 1424983487.4670 2437 _
47491272325 -65 4069402396 1424983487.4670 5745 UofM_Guest_
47491272324 -69 4069402319 1424983487.4670 2412 UofM_Guest_
189441481136073 -80 4069402419 1424983487.4670 5765 eduroam_
47491272326 -72 4069402326 1424983487.4670 2412 _
189441481136065 -79 4069402408 1424983487.4670 5765 UofM_
189441481136069 -80 4069402413 1424983487.4670 5765 UofM_Guest_
