114896623892006 -77 4354138064 1424983772.2010 2437 NAO_
47491959236 -50 4354138050 1424983772.2010 2437 UofM_Guest_
47491959240 -48 4354138059 1424983772.2010 2437 eduroam_
47491959238 -50 4354138055 1424983772.2010 2437 _
47491959235 -51 4354138093 1424983772.2010 5180 UofM_Secure_
47491959241 -48 4354138102 1424983772.2010 5180 eduroam_
47491959233 -50 4354138088 1424983772.2010 5180 UofM_
47491959237 -48 4354138099 1424983772.2010 5180 UofM_Guest_
47491959232 -49 4354138085 1424983772.2010 2437 UofM_
47491959234 -43 4354138075 1424983772.2010 2437 UofM_Secure_
9608971665516 -78 4350425280 1424983772.2010 2412 UNITE-C06C_
47491959239 -60 4350425348 1424983772.2010 5180 _
47491463108 -85 4350425284 1424983772.2010 2412 UofM_Guest_
47491268873 -74 4350425367 1424983772.2010 5785 eduroam_
47491268867 -77 4350425357 1424983772.2010 5785 UofM_Secure_
189441478786248 -81 4350425291 1424983772.2010 2412 eduroam_
189441481137416 -86 4350425319 1424983772.2010 2437 eduroam_
47491268865 -74 4350425353 1424983772.2010 5785 UofM_
47491268869 -76 4350425362 1424983772.2010 5785 UofM_Guest_
189441478786240 -80 4350425288 1424983772.2010 2412 UofM_
189441478786246 -75 4354138046 1424983772.2010 2412 _
189441481137412 -79 4354138069 1424983772.2010 2437 UofM_Guest_
189441481137414 -87 4354138080 1424983772.2010 2437 _
