47491272321 -58 4150044119 1424983568.1130 5745 UofM_
47491272326 -74 4150044113 1424983568.1130 2412 _
47491272320 -71 4150044110 1424983568.1130 2412 UofM_
47491272324 -73 4150044130 1424983568.1130 2412 UofM_Guest_
189441481136073 -71 4150044159 1424983568.1130 5765 eduroam_
189441481136067 -69 4150044154 1424983568.1130 5765 UofM_Secure_
189441481136069 -72 4150044157 1424983568.1130 5765 UofM_Guest_
189441481136065 -71 4150044151 1424983568.1130 5765 UofM_
189441481136068 -65 4150044124 1424983568.1130 2437 UofM_Guest_
47491272323 -76 4150044139 1424983568.1130 5745 UofM_Secure_
47491272329 -75 4150044148 1424983568.1130 5745 eduroam_
189441481136072 -61 4150044136 1424983568.1130 2437 eduroam_
47491272325 -75 4150044142 1424983568.1130 5745 UofM_Guest_
47491272327 -75 4150044145 1424983568.1130 5745 _
189441481136070 -64 4150044127 1424983568.1130 2437 _
189441481136064 -59 4150044122 1424983568.1130 2437 UofM_
47491272328 -74 4150044116 1424983568.1130 2412 eduroam_
189441481136066 -59 4150044133 1424983568.1130 2437 UofM_Secure_
