189441481136070 -65 4014089079 1424983432.1500 2437 _
189441481136072 -67 4014089083 1424983432.1500 2437 eduroam_
189441481136064 -65 4014089092 1424983432.1500 2437 UofM_
189441481136067 -62 4014089087 1424983432.1500 5765 UofM_Secure_
189441481136073 -63 4010528246 1424983432.1500 5765 eduroam_
189441481136065 -61 4010528238 1424983432.1500 5765 UofM_
189441481136069 -66 4010528242 1424983432.1500 5765 UofM_Guest_
189441481136071 -71 4010528250 1424983432.1500 5765 _
189441481136068 -66 4014089074 1424983432.1500 2437 UofM_Guest_
47491272328 -56 4014089070 1424983432.1500 2412 eduroam_
47491272324 -55 4014089060 1424983432.1500 2412 UofM_Guest_
47491272320 -56 4014089051 1424983432.1500 2412 UofM_
47491272326 -55 4014089065 1424983432.1500 2412 _
47491272329 -45 4014089109 1424983432.1500 5745 eduroam_
47491272323 -46 4014089100 1424983432.1500 5745 UofM_Secure_
189441481136066 -58 4010528201 1424983432.1500 2437 UofM_Secure_
47491272325 -47 4014089105 1424983432.1500 5745 UofM_Guest_
47491272321 -46 4014089096 1424983432.1500 5745 UofM_
47491268864 -84 4010528215 1424983432.1500 2462 UofM_
47491272322 -60 4014089056 1424983432.1500 2412 UofM_Secure_
47491272327 -51 4014089113 1424983432.1500 5745 _
