47491268867 -73 4747014083 1424984165.0720 5785 UofM_Secure_
47491268873 -75 4747014093 1424984165.0720 5785 eduroam_
47491268865 -65 4747013619 1424984165.0720 5785 UofM_
47491268869 -73 4747014088 1424984165.0720 5785 UofM_Guest_
47491268871 -75 4747014099 1424984165.0720 5785 _
47492007881 -74 4747013972 1424984165.0720 5220 eduroam_
47492007875 -71 4747013901 1424984165.0720 5220 UofM_Secure_
211938385015607 -77 4747013645 1424984165.0720 2437 HS-HOME-NET_
162797488891936 -76 4747013634 1424984165.0720 2437 viro-geni-2_
47492007873 -75 4747013896 1424984165.0720 5220 UofM_
47492007877 -72 4747013969 1424984165.0720 5220 UofM_Guest_
211938385015619 -88 4747013639 1424984165.0720 2437 viro2_
84207466584964 -88 4747013608 1424984165.0720 2412 UofM_Guest_
84207466584968 -82 4747013612 1424984165.0720 2412 eduroam_
47492007872 -70 4747013623 1424984165.0720 2412 UofM_
47492007876 -70 4747013627 1424984165.0720 2412 UofM_Guest_
47492007878 -71 4747013631 1424984165.0720 2412 _
84207466584960 -87 4747013605 1424984165.0720 2412 UofM_
84207466584966 -89 4747013615 1424984165.0720 2412 _
47491268872 -74 4747013663 1424984165.0720 2462 eduroam_
47491268864 -75 4747013653 1424984165.0720 2462 UofM_
47491268868 -74 4747013673 1424984165.0720 2462 UofM_Guest_
47491268870 -77 4747013658 1424984165.0720 2462 _
47491268866 -72 4747013668 1424984165.0720 2462 UofM_Secure_
47491959240 -77 4743500833 1424984165.0720 2437 eduroam_
47491959232 -78 4743500829 1424984165.0720 2437 UofM_
47493331337 -82 4747013889 1424984165.0720 5180 eduroam_
47493331331 -83 4747013827 1424984165.0720 5180 UofM_Secure_
47492007879 -75 4747014077 1424984165.0720 5220 _
47493331329 -81 4747013677 1424984165.0720 5180 UofM_
