47491268867 -62 3973326025 1424983391.3880 5785 UofM_Secure_
47491268873 -72 3973326086 1424983391.3880 5785 eduroam_
47491268869 -71 3973326083 1424983391.3880 5785 UofM_Guest_
47491268865 -69 3973326079 1424983391.3880 5785 UofM_
47492007874 -77 3954323225 1424983391.3880 2412 UofM_Secure_
47492007880 -83 3957911039 1424983391.3880 2412 eduroam_
47492007878 -85 3957911034 1424983391.3880 2412 _
47491268872 -78 3973326050 1424983391.3880 2462 eduroam_
47491268864 -76 3973326036 1424983391.3880 2462 UofM_
47491268868 -76 3973326041 1424983391.3880 2462 UofM_Guest_
47491268870 -77 3973326046 1424983391.3880 2462 _
47491959241 -75 3957911123 1424983391.3880 5180 eduroam_
47491959235 -75 3957911105 1424983391.3880 5180 UofM_Secure_
47491959240 -68 3959417887 1424983391.3880 2437 eduroam_
47491271496 -79 3973325996 1424983391.3880 2437 eduroam_
47491959233 -74 3957911098 1424983391.3880 5180 UofM_
47491959237 -75 3957911114 1424983391.3880 5180 UofM_Guest_
47491959232 -69 3959417881 1424983391.3880 2437 UofM_
47491959238 -74 3957911067 1424983391.3880 2437 _
47492007876 -82 3957911028 1424983391.3880 2412 UofM_Guest_
47491271488 -78 3973325985 1424983391.3880 2437 UofM_
47492007872 -84 3957911022 1424983391.3880 2412 UofM_
47491271491 -73 3959741392 1424983391.3880 5220 UofM_Secure_
47491271497 -73 3959741401 1424983391.3880 5220 eduroam_
47491271489 -73 3959741388 1424983391.3880 5220 UofM_
47491271493 -73 3959741396 1424983391.3880 5220 UofM_Guest_
47491271492 -80 3973325989 1424983391.3880 2437 UofM_Guest_
47491271494 -80 3973325992 1424983391.3880 2437 _
47491271495 -77 3959741404 1424983391.3880 5220 _
189441481136067 -78 3973326059 1424983391.3880 5765 UofM_Secure_
189441481136073 -79 3973326069 1424983391.3880 5765 eduroam_
47491463112 -84 3973325981 1424983391.3880 2412 eduroam_
189441481136069 -78 3973326065 1424983391.3880 5765 UofM_Guest_
189441481136071 -79 3973326075 1424983391.3880 5765 _
189441481136065 -80 3973326055 1424983391.3880 5765 UofM_
189441481136064 -83 3973326030 1424983391.3880 2437 UofM_
47491463110 -84 3973325978 1424983391.3880 2412 _
47491463108 -86 3973325974 1424983391.3880 2412 UofM_Guest_
