114896623892006 -76 4365540451 1424983783.6000 2437 NAO_
47491959236 -70 4365540421 1424983783.6000 2437 UofM_Guest_
47491959240 -66 4365540439 1424983783.6000 2437 eduroam_
47491959238 -69 4365540429 1424983783.6000 2437 _
47491959235 -71 4365540494 1424983783.6000 5180 UofM_Secure_
47491959241 -77 4365540511 1424983783.6000 5180 eduroam_
47491959233 -71 4365540487 1424983783.6000 5180 UofM_
47491959237 -73 4365540505 1424983783.6000 5180 UofM_Guest_
47491959232 -68 4365540414 1424983783.6000 2437 UofM_
47491959234 -63 4365540406 1424983783.6000 2437 UofM_Secure_
189441481137416 -82 4365540445 1424983783.6000 2437 eduroam_
189441481137412 -79 4361668851 1424983783.6000 2437 UofM_Guest_
189441481137414 -78 4361668838 1424983783.6000 2437 _
47491460552 -75 4365540470 1424983783.6000 2462 eduroam_
47491460544 -77 4365540458 1424983783.6000 2462 UofM_
47491460548 -75 4365540482 1424983783.6000 2462 UofM_Guest_
189441481137408 -81 4361668833 1424983783.6000 2437 UofM_
47491460546 -71 4365540476 1424983783.6000 2462 UofM_Secure_
189441478786244 -79 4361668803 1424983783.6000 2412 UofM_Guest_
47491460550 -68 4365540464 1424983783.6000 2462 _
47491460547 -73 4365540530 1424983783.6000 5240 UofM_Secure_
47491460553 -76 4365540546 1424983783.6000 5240 eduroam_
47491460549 -73 4365540540 1424983783.6000 5240 UofM_Guest_
47491959239 -74 4365540517 1424983783.6000 5180 _
47491460545 -74 4365540523 1424983783.6000 5240 UofM_
47492007872 -79 4365540400 1424983783.6000 2412 UofM_
