47491268873 -61 4421297442 1424983839.3620 5785 eduroam_
47491268867 -66 4421297434 1424983839.3620 5785 UofM_Secure_
47491268865 -61 4421297431 1424983839.3620 5785 UofM_
47491268869 -62 4421297438 1424983839.3620 5785 UofM_Guest_
47491268870 -55 4421297383 1424983839.3620 2462 _
47491268864 -52 4421297369 1424983839.3620 2462 UofM_
47491268868 -55 4421297378 1424983839.3620 2462 UofM_Guest_
47491268866 -58 4421297386 1424983839.3620 2462 UofM_Secure_
47491268872 -55 4421297390 1424983839.3620 2462 eduroam_
47491959235 -76 4421297398 1424983839.3620 5180 UofM_Secure_
47491959241 -74 4421297405 1424983839.3620 5180 eduroam_
47491959237 -74 4421297401 1424983839.3620 5180 UofM_Guest_
47491959233 -74 4421297394 1424983839.3620 5180 UofM_
47491271492 -74 4417675783 1424983839.3620 2437 UofM_Guest_
47491271497 -68 4421297424 1424983839.3620 5220 eduroam_
47491271491 -69 4421297418 1424983839.3620 5220 UofM_Secure_
47491271496 -72 4417675776 1424983839.3620 2437 eduroam_
47491959239 -73 4421297410 1424983839.3620 5180 _
47491271489 -71 4421297414 1424983839.3620 5220 UofM_
47491271488 -72 4417675779 1424983839.3620 2437 UofM_
47491271494 -71 4417675787 1424983839.3620 2437 _
47491271493 -69 4421297421 1424983839.3620 5220 UofM_Guest_
47492007872 -85 4417675768 1424983839.3620 2412 UofM_
47491271495 -70 4421297428 1424983839.3620 5220 _
47491959236 -74 4421297373 1424983839.3620 2437 UofM_Guest_
189441481136064 -81 4421297365 1424983839.3620 2437 UofM_
189441481136070 -84 4421297361 1424983839.3620 2437 _
189441481136068 -84 4421297357 1424983839.3620 2437 UofM_Guest_
