162797488891936 -48 4840086782 1424984258.1480 2437 viro-geni-2_
47492007872 -87 4840086864 1424984258.1480 2412 UofM_
47492007880 -91 4836485210 1424984258.1480 2412 eduroam_
47493331331 -74 4840086834 1424984258.1480 5180 UofM_Secure_
47493331329 -72 4840086830 1424984258.1480 5180 UofM_
211938385015607 -61 4840086795 1424984258.1480 2437 HS-HOME-NET_
211938385015055 -66 4840086788 1424984258.1480 2437 viro-geni-1_
47493331337 -72 4840086842 1424984258.1480 5180 eduroam_
162797488891937 -57 4840086870 1424984258.1480 5765 Linksys19141_5GHz_
47493331333 -72 4840086838 1424984258.1480 5180 UofM_Guest_
211938385015619 -54 4840086798 1424984258.1480 2437 viro2_
2297084420154 -65 4840086755 1424984258.1480 2412 DIRECT-_
47493331332 -73 4840086806 1424984258.1480 2462 UofM_Guest_
47493331328 -75 4840086801 1424984258.1480 2462 UofM_
47491269568 -65 4840086760 1424984258.1480 2412 UofM_
47491269570 -68 4840086765 1424984258.1480 2412 UofM_Secure_
47491269576 -66 4840086774 1424984258.1480 2412 eduroam_
47493331330 -72 4840086811 1424984258.1480 2462 UofM_Secure_
47493331336 -74 4840086823 1424984258.1480 2462 eduroam_
47491269572 -65 4840086771 1424984258.1480 2412 UofM_Guest_
47491269574 -68 4840086778 1424984258.1480 2412 _
47493331334 -75 4840086818 1424984258.1480 2462 _
47491269571 -78 4840086853 1424984258.1480 5220 UofM_Secure_
47491269577 -81 4840086861 1424984258.1480 5220 eduroam_
47493331335 -74 4840086846 1424984258.1480 5180 _
47491269569 -79 4840086850 1424984258.1480 5220 UofM_
47491269573 -80 4840086857 1424984258.1480 5220 UofM_Guest_
47491271488 -83 4840086791 1424984258.1480 2437 UofM_
