47491268864 -87 4439255369 1424983861.0980 2462 UofM_
189441481136064 -64 4442996266 1424983861.0980 2437 UofM_
47491959240 -85 4442996263 1424983861.0980 2437 eduroam_
189441481136065 -70 4442996209 1424983861.0980 5765 UofM_
189441481136073 -72 4442996224 1424983861.0980 5765 eduroam_
189441481136069 -70 4442996219 1424983861.0980 5765 UofM_Guest_
47494398596 -91 4442996281 1424983861.0980 2462 UofM_Guest_
47494398598 -91 4442996287 1424983861.0980 2462 _
47494398600 -87 4442471474 1424983861.0980 2462 eduroam_
47491959232 -77 4442471424 1424983861.0980 2437 UofM_
47491959236 -84 4442996256 1424983861.0980 2437 UofM_Guest_
189441481136067 -73 4442996214 1424983861.0980 5765 UofM_Secure_
47491959238 -86 4442996259 1424983861.0980 2437 _
47494398592 -88 4442471462 1424983861.0980 2462 UofM_
189441481136072 -64 4442996278 1424983861.0980 2437 eduroam_
189441481136070 -68 4442996275 1424983861.0980 2437 _
189441481136068 -67 4442996272 1424983861.0980 2437 UofM_Guest_
47491272324 -84 4442996236 1424983861.0980 2412 UofM_Guest_
189441481136066 -63 4442996269 1424983861.0980 2437 UofM_Secure_
47491272322 -81 4442996247 1424983861.0980 2412 UofM_Secure_
47491272328 -84 4442996240 1424983861.0980 2412 eduroam_
189441481136071 -70 4442996230 1424983861.0980 5765 _
47491272320 -84 4442996244 1424983861.0980 2412 UofM_
47491272326 -84 4442996251 1424983861.0980 2412 _
