47492007880 -69 4298150283 1424983728.3420 2412 eduroam_
211938385015607 -85 4310280486 1424983728.3420 2437 HS-HOME-NET_
162797488891936 -77 4310280462 1424983728.3420 2437 viro-geni-2_
211938385015619 -87 4298150295 1424983728.3420 2437 viro2_
47491268873 -64 4298150372 1424983728.3420 5785 eduroam_
47491268867 -63 4298150365 1424983728.3420 5785 UofM_Secure_
114896623892006 -67 4310280466 1424983728.3420 2437 NAO_
47491268869 -63 4298150369 1424983728.3420 5785 UofM_Guest_
47492007881 -67 4298150355 1424983728.3420 5220 eduroam_
47492007875 -72 4298150348 1424983728.3420 5220 UofM_Secure_
47492007873 -69 4298150345 1424983728.3420 5220 UofM_
47492007877 -70 4298150352 1424983728.3420 5220 UofM_Guest_
47492007879 -67 4298150358 1424983728.3420 5220 _
47491268866 -80 4298150341 1424983728.3420 2462 UofM_Secure_
47491268872 -88 4310280497 1424983728.3420 2462 eduroam_
47491268865 -63 4298150362 1424983728.3420 5785 UofM_
47492007876 -68 4298150276 1424983728.3420 2412 UofM_Guest_
47492007872 -70 4298150273 1424983728.3420 2412 UofM_
47492007878 -68 4298150280 1424983728.3420 2412 _
47491268868 -87 4310280493 1424983728.3420 2462 UofM_Guest_
47491268870 -73 4298150317 1424983728.3420 2462 _
47491268864 -85 4310280490 1424983728.3420 2462 UofM_
47491959236 -74 4310280452 1424983728.3420 2437 UofM_Guest_
84207466584962 -73 4310280445 1424983728.3420 2412 UofM_Secure_
84207466584968 -81 4310280442 1424983728.3420 2412 eduroam_
47491959240 -65 4310280459 1424983728.3420 2437 eduroam_
84207466584966 -81 4298150265 1424983728.3420 2412 _
84207466584964 -81 4298150262 1424983728.3420 2412 UofM_Guest_
47491959238 -64 4310280455 1424983728.3420 2437 _
47493331332 -87 4298150333 1424983728.3420 2462 UofM_Guest_
47493331334 -88 4298150337 1424983728.3420 2462 _
47493331328 -88 4298150329 1424983728.3420 2462 UofM_
47491959235 -64 4310280504 1424983728.3420 5180 UofM_Secure_
47491959241 -66 4310280512 1424983728.3420 5180 eduroam_
189441481137416 -67 4310280482 1424983728.3420 2437 eduroam_
47491959233 -65 4310280500 1424983728.3420 5180 UofM_
47491959239 -66 4310280515 1424983728.3420 5180 _
47491959237 -66 4310280508 1424983728.3420 5180 UofM_Guest_
189441481137412 -67 4310280474 1424983728.3420 2437 UofM_Guest_
189441481137408 -68 4310280470 1424983728.3420 2437 UofM_
47491959232 -73 4310280448 1424983728.3420 2437 UofM_
189441481137414 -75 4310280478 1424983728.3420 2437 _
84207466584960 -79 4310280438 1424983728.3420 2412 UofM_
