189441481136070 -70 4017769794 1424983435.8320 2437 _
189441481136072 -76 4017769799 1424983435.8320 2437 eduroam_
189441481136064 -69 4017769786 1424983435.8320 2437 UofM_
189441481136067 -68 4017769808 1424983435.8320 5765 UofM_Secure_
189441481136073 -70 4017769846 1424983435.8320 5765 eduroam_
189441481136065 -70 4017769836 1424983435.8320 5765 UofM_
189441481136069 -72 4017769841 1424983435.8320 5765 UofM_Guest_
189441481136068 -71 4017769790 1424983435.8320 2437 UofM_Guest_
47491272328 -56 4017769781 1424983435.8320 2412 eduroam_
47491272324 -54 4017769773 1424983435.8320 2412 UofM_Guest_
47491272320 -53 4017769764 1424983435.8320 2412 UofM_
47491272326 -55 4017769777 1424983435.8320 2412 _
47491272329 -56 4017769827 1424983435.8320 5745 eduroam_
47491272323 -58 4017769818 1424983435.8320 5745 UofM_Secure_
189441481136066 -71 4017769803 1424983435.8320 2437 UofM_Secure_
47491272325 -58 4017769823 1424983435.8320 5745 UofM_Guest_
47491272321 -58 4017769814 1424983435.8320 5745 UofM_
47491272322 -50 4017769769 1424983435.8320 2412 UofM_Secure_
47491272327 -53 4017769832 1424983435.8320 5745 _
