47491271490 -75 4065783387 1424983483.8440 2437 UofM_Secure_
47491271492 -77 4065783400 1424983483.8440 2437 UofM_Guest_
47491271488 -79 4065783392 1424983483.8440 2437 UofM_
47491271497 -75 4062156808 1424983483.8440 5220 eduroam_
47491271491 -84 4065783420 1424983483.8440 5220 UofM_Secure_
47491271496 -78 4065783414 1424983483.8440 2437 eduroam_
47491271493 -73 4062156799 1424983483.8440 5220 UofM_Guest_
47491271489 -73 4062156787 1424983483.8440 5220 UofM_
47491272320 -85 4062156720 1424983483.8440 2412 UofM_
47491272329 -73 4065783486 1424983483.8440 5745 eduroam_
47491272323 -74 4065783474 1424983483.8440 5745 UofM_Secure_
47491272322 -81 4062156724 1424983483.8440 2412 UofM_Secure_
47491272328 -83 4062156739 1424983483.8440 2412 eduroam_
189441478940488 -89 4062156715 1424983483.8440 2412 eduroam_
47491272321 -74 4065783468 1424983483.8440 5745 UofM_
47491271494 -80 4065783408 1424983483.8440 2437 _
47491272325 -72 4065783480 1424983483.8440 5745 UofM_Guest_
47491272324 -83 4062156732 1424983483.8440 2412 UofM_Guest_
189441478940480 -88 4062156700 1424983483.8440 2412 UofM_
189441478940486 -92 4062156708 1424983483.8440 2412 _
