47491269570 -76 3826336621 1424983248.2460 2412 UofM_Secure_
211938385015607 -78 3830121110 1424983248.2460 2437 HS-HOME-NET_
162797488891936 -71 3830121120 1424983248.2460 2437 viro-geni-2_
211938385015055 -80 3830121113 1424983248.2460 2437 viro-geni-1_
47491269576 -80 3830121086 1424983248.2460 2412 eduroam_
211938385015619 -79 3830121117 1424983248.2460 2437 viro2_
47491269572 -79 3830121071 1424983248.2460 2412 UofM_Guest_
47491269574 -82 3830121077 1424983248.2460 2412 _
47492007880 -81 3830121107 1424983248.2460 2412 eduroam_
47492007876 -79 3830121100 1424983248.2460 2412 UofM_Guest_
47492007872 -81 3830121090 1424983248.2460 2412 UofM_
47492007874 -80 3830121094 1424983248.2460 2412 UofM_Secure_
47491268872 -86 3830121130 1424983248.2460 2462 eduroam_
47492007878 -80 3830121103 1424983248.2460 2412 _
47491268864 -85 3830121123 1424983248.2460 2462 UofM_
47491268868 -86 3830121126 1424983248.2460 2462 UofM_Guest_
