47491268865 -75 4135989406 1424983554.0640 5785 UofM_
47491268866 -70 4135989356 1424983554.0640 2462 UofM_Secure_
47491268872 -76 4135989368 1424983554.0640 2462 eduroam_
47491272321 -75 4135989374 1424983554.0640 5745 UofM_
47491268864 -73 4135989350 1424983554.0640 2462 UofM_
47491268868 -73 4135989345 1424983554.0640 2462 UofM_Guest_
47491268870 -77 4135989361 1424983554.0640 2462 _
47491272326 -85 4135989310 1424983554.0640 2412 _
47491272320 -83 4132486411 1424983554.0640 2412 UofM_
47491272324 -86 4135989304 1424983554.0640 2412 UofM_Guest_
189441481136070 -78 4132486430 1424983554.0640 2437 _
47491272328 -83 4135989315 1424983554.0640 2412 eduroam_
47491272322 -79 4132486414 1424983554.0640 2412 UofM_Secure_
189441481136073 -78 4135989400 1424983554.0640 5765 eduroam_
47491268873 -70 4135989426 1424983554.0640 5785 eduroam_
189441481136067 -76 4135989386 1424983554.0640 5765 UofM_Secure_
47491268867 -71 4135989412 1424983554.0640 5785 UofM_Secure_
189441481136064 -82 4132486427 1424983554.0640 2437 UofM_
189441481136069 -77 4135989392 1424983554.0640 5765 UofM_Guest_
47491268869 -74 4135989419 1424983554.0640 5785 UofM_Guest_
189441481136065 -77 4135989380 1424983554.0640 5765 UofM_
47491959240 -83 4135989321 1424983554.0640 2437 eduroam_
47491959236 -81 4135989334 1424983554.0640 2437 UofM_Guest_
47491959238 -81 4135989339 1424983554.0640 2437 _
47491959232 -82 4135989326 1424983554.0640 2437 UofM_
