47491959240 -52 3871195226 1424983289.2540 2437 eduroam_
47491959232 -49 3871195204 1424983289.2540 2437 UofM_
47491959236 -52 3871195216 1424983289.2540 2437 UofM_Guest_
47491959238 -52 3871195221 1424983289.2540 2437 _
114896623892006 -91 3871195235 1424983289.2540 2437 NAO_
47491959235 -52 3871195231 1424983289.2540 5180 UofM_Secure_
47491959241 -50 3871195250 1424983289.2540 5180 eduroam_
47491959239 -60 3867636884 1424983289.2540 5180 _
47491959237 -51 3871195244 1424983289.2540 5180 UofM_Guest_
47491959233 -50 3871195239 1424983289.2540 5180 UofM_
47491268867 -72 3867636892 1424983289.2540 5785 UofM_Secure_
47491268873 -71 3867636902 1424983289.2540 5785 eduroam_
47491268869 -73 3867636897 1424983289.2540 5785 UofM_Guest_
47491268871 -71 3867636906 1424983289.2540 5785 _
47491268865 -73 3867636889 1424983289.2540 5785 UofM_
189441478786244 -81 3867636848 1424983289.2540 2412 UofM_Guest_
189441478786240 -85 3867636845 1424983289.2540 2412 UofM_
47491959234 -46 3871195210 1424983289.2540 2437 UofM_Secure_
9608971665516 -88 3871195199 1424983289.2540 2412 UNITE-C06C_
47491463110 -85 3871195194 1424983289.2540 2412 _
