47494398600 -83 4661186936 1424984079.2480 2462 eduroam_
47494398596 -85 4661186933 1424984079.2480 2462 UofM_Guest_
47494398598 -86 4661186939 1424984079.2480 2462 _
47494398592 -86 4661186930 1424984079.2480 2462 UofM_
189441481136064 -71 4661186957 1424984079.2480 2437 UofM_
47491463112 -80 4661186909 1424984079.2480 2412 eduroam_
47491463104 -80 4661186900 1424984079.2480 2412 UofM_
47491463108 -79 4661186906 1424984079.2480 2412 UofM_Guest_
47491463110 -89 4661186912 1424984079.2480 2412 _
47491959234 -76 4661186927 1424984079.2480 2437 UofM_Secure_
47491959240 -77 4661186924 1424984079.2480 2437 eduroam_
47491463106 -78 4661186903 1424984079.2480 2412 UofM_Secure_
47491268872 -85 4661186950 1424984079.2480 2462 eduroam_
47491959238 -73 4661186921 1424984079.2480 2437 _
47491959232 -74 4661186915 1424984079.2480 2437 UofM_
47491959236 -75 4661186918 1424984079.2480 2437 UofM_Guest_
47491959233 -80 4661186953 1424984079.2480 5180 UofM_
47491268864 -88 4661186942 1424984079.2480 2462 UofM_
47491268868 -88 4661186944 1424984079.2480 2462 UofM_Guest_
47491268870 -89 4661186947 1424984079.2480 2462 _
