47491269570 -76 3826336621 1424983244.4030 2412 UofM_Secure_
211938385015607 -70 3826336626 1424983244.4030 2437 HS-HOME-NET_
162797488891936 -69 3826336635 1424983244.4030 2437 viro-geni-2_
162797488891937 -76 3826336669 1424983244.4030 5765 Linksys19141_5GHz_
211938385015055 -73 3826336630 1424983244.4030 2437 viro-geni-1_
47491269576 -68 3822609177 1424983244.4030 2412 eduroam_
2297084420154 -75 3826336601 1424983244.4030 2412 DIRECT-_
211938385015619 -80 3826336641 1424983244.4030 2437 viro2_
47491269568 -67 3822609165 1424983244.4030 2412 UofM_
47491269572 -66 3822609169 1424983244.4030 2412 UofM_Guest_
47493331337 -77 3822609225 1424983244.4030 5180 eduroam_
47493331331 -78 3822609229 1424983244.4030 5180 UofM_Secure_
47493331329 -77 3822609217 1424983244.4030 5180 UofM_
47493331333 -75 3822609222 1424983244.4030 5180 UofM_Guest_
47493331336 -87 3826336664 1424983244.4030 2462 eduroam_
47493331328 -85 3826336647 1424983244.4030 2462 UofM_
47493331332 -88 3826336653 1424983244.4030 2462 UofM_Guest_
47493331334 -86 3826336658 1424983244.4030 2462 _
47491269574 -66 3822609173 1424983244.4030 2412 _
47492007880 -86 3826336616 1424983244.4030 2412 eduroam_
47492007876 -84 3826336611 1424983244.4030 2412 UofM_Guest_
47492007872 -85 3826336606 1424983244.4030 2412 UofM_
