47491272326 -85 4581844464 1424984003.7030 2412 _
189441481136065 -78 4585590309 1424984003.7030 5765 UofM_
47491272320 -82 4582032642 1424984003.7030 2412 UofM_
47491268866 -70 4585590295 1424984003.7030 2462 UofM_Secure_
47491268872 -71 4585590286 1424984003.7030 2462 eduroam_
47494398600 -67 4585590267 1424984003.7030 2462 eduroam_
47491268868 -68 4585590283 1424984003.7030 2462 UofM_Guest_
47491268864 -67 4585590271 1424984003.7030 2462 UofM_
47491268870 -72 4585590275 1424984003.7030 2462 _
189441481136068 -81 4585590255 1424984003.7030 2437 UofM_Guest_
189441481136072 -82 4581844474 1424984003.7030 2437 eduroam_
47491268867 -74 4585590322 1424984003.7030 5785 UofM_Secure_
47491268873 -74 4585590330 1424984003.7030 5785 eduroam_
189441481136067 -77 4585590299 1424984003.7030 5765 UofM_Secure_
47491268865 -74 4585590318 1424984003.7030 5785 UofM_
47491268869 -73 4585590326 1424984003.7030 5785 UofM_Guest_
189441481136069 -81 4581844541 1424984003.7030 5765 UofM_Guest_
47491272324 -85 4581844460 1424984003.7030 2412 UofM_Guest_
47491271496 -81 4585590247 1424984003.7030 2437 eduroam_
189441481136071 -78 4585590314 1424984003.7030 5765 _
47494398596 -66 4585590259 1424984003.7030 2462 UofM_Guest_
47494398598 -69 4585590263 1424984003.7030 2462 _
47491271492 -87 4585590227 1424984003.7030 2437 UofM_Guest_
47491271488 -82 4585590251 1424984003.7030 2437 UofM_
47491463110 -86 4585590223 1424984003.7030 2412 _
47491463108 -86 4585590219 1424984003.7030 2412 UofM_Guest_
47491271490 -82 4585590240 1424984003.7030 2437 UofM_Secure_
47491959234 -81 4582334754 1424984003.7030 2437 UofM_Secure_
47491463112 -89 4585590215 1424984003.7030 2412 eduroam_
47491268871 -64 4582334714 1424984003.7030 5785 _
47491271494 -83 4585590244 1424984003.7030 2437 _
47491463104 -84 4582334721 1424984003.7030 2412 UofM_
47491959236 -86 4582334759 1424984003.7030 2437 UofM_Guest_
47491473988 -87 4582334731 1424984003.7030 2437 UofM_Guest_
47491473984 -91 4582334727 1424984003.7030 2437 UofM_
47494398594 -71 4585590291 1424984003.7030 2462 UofM_Secure_
189441481136073 -78 4585590304 1424984003.7030 5765 eduroam_
47494398592 -67 4585590278 1424984003.7030 2462 UofM_
189441481136070 -76 4585590236 1424984003.7030 2437 _
189441481136064 -77 4585590231 1424984003.7030 2437 UofM_
