189441481136065 -69 4617660716 1424984066.7370 5765 UofM_
47491272320 -87 4617660661 1424984066.7370 2412 UofM_
47494398600 -89 4617660696 1424984066.7370 2462 eduroam_
189441481136068 -76 4617660675 1424984066.7370 2437 UofM_Guest_
189441481136072 -72 4617660682 1424984066.7370 2437 eduroam_
47491272324 -86 4617660665 1424984066.7370 2412 UofM_Guest_
47494398596 -90 4617660689 1424984066.7370 2462 UofM_Guest_
47494398598 -87 4617660693 1424984066.7370 2462 _
47494398592 -86 4617660686 1424984066.7370 2462 UofM_
189441481136070 -73 4617660679 1424984066.7370 2437 _
189441481136064 -76 4617660672 1424984066.7370 2437 UofM_
47491272323 -76 4617660703 1424984066.7370 5745 UofM_Secure_
47491272328 -86 4617660669 1424984066.7370 2412 eduroam_
189441481136073 -72 4617660728 1424984066.7370 5765 eduroam_
189441481136067 -73 4617660720 1424984066.7370 5765 UofM_Secure_
47491272329 -77 4617660712 1424984066.7370 5745 eduroam_
189441481136071 -69 4617660732 1424984066.7370 5765 _
189441481136069 -69 4617660724 1424984066.7370 5765 UofM_Guest_
47491272325 -75 4617660708 1424984066.7370 5745 UofM_Guest_
47491272321 -75 4617660699 1424984066.7370 5745 UofM_
