189441481136064 -79 4477509201 1424983899.2190 2437 UofM_
189441481136072 -75 4477509225 1424983899.2190 2437 eduroam_
189441481136070 -83 4477509211 1424983899.2190 2437 _
189441481136068 -81 4477509206 1424983899.2190 2437 UofM_Guest_
47491272324 -73 4481150745 1424983899.2190 2412 UofM_Guest_
189441481136066 -73 4477509186 1424983899.2190 2437 UofM_Secure_
47491272328 -70 4481150752 1424983899.2190 2412 eduroam_
47491272320 -70 4481150742 1424983899.2190 2412 UofM_
47491272326 -70 4481150749 1424983899.2190 2412 _
47491272323 -77 4481150789 1424983899.2190 5745 UofM_Secure_
47491272329 -79 4481150799 1424983899.2190 5745 eduroam_
47491272325 -78 4481150792 1424983899.2190 5745 UofM_Guest_
47491272321 -76 4481150785 1424983899.2190 5745 UofM_
47491271497 -69 4481150782 1424983899.2190 5220 eduroam_
47491271491 -70 4481150775 1424983899.2190 5220 UofM_Secure_
47491272327 -77 4481150795 1424983899.2190 5745 _
47491271489 -70 4481150772 1424983899.2190 5220 UofM_
47491271493 -69 4481150778 1424983899.2190 5220 UofM_Guest_
47491271488 -67 4481150755 1424983899.2190 2437 UofM_
47491272322 -57 4477509166 1424983899.2190 2412 UofM_Secure_
47491271496 -68 4481150768 1424983899.2190 2437 eduroam_
47491271492 -66 4481150762 1424983899.2190 2437 UofM_Guest_
47491271494 -70 4481150765 1424983899.2190 2437 _
47491271490 -73 4481150759 1424983899.2190 2437 UofM_Secure_
