47491959240 -50 3896278102 1424983314.3370 2437 eduroam_
47491959232 -50 3896278090 1424983314.3370 2437 UofM_
47491959236 -49 3896278094 1424983314.3370 2437 UofM_Guest_
47491959238 -50 3896278098 1424983314.3370 2437 _
47491959235 -57 3896278114 1424983314.3370 5180 UofM_Secure_
47491959241 -57 3896278126 1424983314.3370 5180 eduroam_
47491959237 -55 3896278122 1424983314.3370 5180 UofM_Guest_
47491959233 -56 3896278118 1424983314.3370 5180 UofM_
9608971665516 -90 3892696489 1424983314.3370 2412 UNITE-C06C_
189441478786248 -80 3896278086 1424983314.3370 2412 eduroam_
47491463112 -83 3892696486 1424983314.3370 2412 eduroam_
114896623892006 -79 3896278106 1424983314.3370 2437 NAO_
189441478786246 -82 3896278082 1424983314.3370 2412 _
47491463108 -84 3892696482 1424983314.3370 2412 UofM_Guest_
47491268873 -76 3892696552 1424983314.3370 5785 eduroam_
47491268867 -79 3892696538 1424983314.3370 5785 UofM_Secure_
47491959239 -65 3892696531 1424983314.3370 5180 _
47491268869 -77 3892696542 1424983314.3370 5785 UofM_Guest_
47491268865 -80 3892696534 1424983314.3370 5785 UofM_
47491959234 -50 3896278110 1424983314.3370 2437 UofM_Secure_
189441478786242 -77 3896278068 1424983314.3370 2412 UofM_Secure_
189441478786240 -81 3896278063 1424983314.3370 2412 UofM_
189441478786244 -81 3896278072 1424983314.3370 2412 UofM_Guest_
