189441481136064 -74 4691026113 1424984109.0850 2437 UofM_
47491959234 -71 4691026081 1424984109.0850 2437 UofM_Secure_
47491959240 -77 4691026092 1424984109.0850 2437 eduroam_
47491959238 -77 4691026088 1424984109.0850 2437 _
47491959232 -76 4691026078 1424984109.0850 2437 UofM_
47491959236 -77 4691026085 1424984109.0850 2437 UofM_Guest_
47491463106 -83 4691026055 1424984109.0850 2412 UofM_Secure_
47494398600 -77 4691026109 1424984109.0850 2462 eduroam_
47491463112 -84 4691026063 1424984109.0850 2412 eduroam_
47491463108 -85 4691026066 1424984109.0850 2412 UofM_Guest_
47494398596 -76 4691026099 1424984109.0850 2462 UofM_Guest_
47494398598 -77 4691026102 1424984109.0850 2462 _
47491463104 -83 4691026052 1424984109.0850 2412 UofM_
47494398592 -78 4691026095 1424984109.0850 2462 UofM_
47491959235 -70 4687220321 1424984109.0850 5180 UofM_Secure_
47491959241 -70 4687220338 1424984109.0850 5180 eduroam_
47491268867 -75 4687220350 1424984109.0850 5785 UofM_Secure_
47491268873 -77 4687220364 1424984109.0850 5785 eduroam_
47491271496 -86 4691026074 1424984109.0850 2437 eduroam_
9608971665516 -87 4687220220 1424984109.0850 2412 UNITE-C06C_
47491959233 -69 4687220315 1424984109.0850 5180 UofM_
47491959237 -71 4687220327 1424984109.0850 5180 UofM_Guest_
47491959239 -71 4687220332 1424984109.0850 5180 _
47491268865 -77 4687220343 1424984109.0850 5785 UofM_
47491268869 -79 4687220357 1424984109.0850 5785 UofM_Guest_
47491271492 -80 4687220292 1424984109.0850 2437 UofM_Guest_
47491271488 -86 4691026069 1424984109.0850 2437 UofM_
47491463110 -88 4691026059 1424984109.0850 2412 _
47494398595 -75 4691026121 1424984109.0850 5805 UofM_Secure_
47494398601 -78 4691026129 1424984109.0850 5805 eduroam_
47494398594 -76 4691026106 1424984109.0850 2462 UofM_Secure_
47494398597 -76 4691026125 1424984109.0850 5805 UofM_Guest_
47494398593 -77 4691026116 1424984109.0850 5805 UofM_
