211938385015607 -85 4310280486 1424983731.9620 2437 HS-HOME-NET_
162797488891936 -77 4310280462 1424983731.9620 2437 viro-geni-2_
114896623892006 -72 4313900982 1424983731.9620 2437 NAO_
47491268872 -88 4310280497 1424983731.9620 2462 eduroam_
47491268868 -87 4310280493 1424983731.9620 2462 UofM_Guest_
47491268864 -85 4310280490 1424983731.9620 2462 UofM_
47491959236 -67 4313900993 1424983731.9620 2437 UofM_Guest_
84207466584962 -79 4313901064 1424983731.9620 2412 UofM_Secure_
84207466584968 -81 4310280442 1424983731.9620 2412 eduroam_
47491959240 -69 4313901031 1424983731.9620 2437 eduroam_
84207466584966 -83 4313900977 1424983731.9620 2412 _
84207466584964 -84 4313900970 1424983731.9620 2412 UofM_Guest_
47491959238 -67 4313900998 1424983731.9620 2437 _
47491959235 -65 4313901077 1424983731.9620 5180 UofM_Secure_
47491959241 -67 4313901082 1424983731.9620 5180 eduroam_
189441481137416 -67 4310280482 1424983731.9620 2437 eduroam_
47491959233 -65 4313901070 1424983731.9620 5180 UofM_
47491959239 -66 4310280515 1424983731.9620 5180 _
47491959237 -64 4313901090 1424983731.9620 5180 UofM_Guest_
189441481137412 -67 4310280474 1424983731.9620 2437 UofM_Guest_
189441481137408 -68 4310280470 1424983731.9620 2437 UofM_
47491959232 -67 4313900988 1424983731.9620 2437 UofM_
189441481137414 -75 4310280478 1424983731.9620 2437 _
84207466584960 -79 4310280438 1424983731.9620 2412 UofM_
47491959234 -67 4313901039 1424983731.9620 2437 UofM_Secure_
189441478786248 -69 4313900964 1424983731.9620 2412 eduroam_
47491460552 -72 4313901059 1424983731.9620 2462 eduroam_
189441478786244 -71 4313900952 1424983731.9620 2412 UofM_Guest_
47491460544 -71 4313901046 1424983731.9620 2462 UofM_
189441478786246 -71 4313900958 1424983731.9620 2412 _
47491460550 -72 4313901053 1424983731.9620 2462 _
