47491268867 -67 3976919612 1424983398.5030 5785 UofM_Secure_
47491268865 -80 3976919702 1424983398.5030 5785 UofM_
47491268872 -81 3976919655 1424983398.5030 2462 eduroam_
47491268864 -90 3980442691 1424983398.5030 2462 UofM_
47491268868 -87 3980442695 1424983398.5030 2462 UofM_Guest_
47491268870 -82 3976919649 1424983398.5030 2462 _
47491959240 -81 3980442673 1424983398.5030 2437 eduroam_
47491959232 -76 3980442677 1424983398.5030 2437 UofM_
47491959238 -76 3980442669 1424983398.5030 2437 _
189441481136067 -81 3976919685 1424983398.5030 5765 UofM_Secure_
189441481136073 -82 3976919696 1424983398.5030 5765 eduroam_
189441481136071 -82 3976919691 1424983398.5030 5765 _
189441481136065 -79 3976919679 1424983398.5030 5765 UofM_
47491463110 -87 3980442666 1424983398.5030 2412 _
47491463108 -87 3980442662 1424983398.5030 2412 UofM_Guest_
47491268866 -78 3976919672 1424983398.5030 2462 UofM_Secure_
47494398600 -87 3980442687 1424983398.5030 2462 eduroam_
47491959236 -75 3980442680 1424983398.5030 2437 UofM_Guest_
47494398598 -86 3980442684 1424983398.5030 2462 _
47491959237 -78 3980442703 1424983398.5030 5180 UofM_Guest_
47491959233 -80 3980442699 1424983398.5030 5180 UofM_
