47491268865 -70 4773145909 1424984191.2140 5785 UofM_
162797488891936 -77 4773145833 1424984191.2140 2437 viro-geni-2_
84207466584964 -74 4757469642 1424984191.2140 2412 UofM_Guest_
84207466584968 -77 4757924570 1424984191.2140 2412 eduroam_
47492007872 -70 4773145810 1424984191.2140 2412 UofM_
47492007876 -69 4773145818 1424984191.2140 2412 UofM_Guest_
47492007878 -70 4773145821 1424984191.2140 2412 _
84207466584960 -76 4757469637 1424984191.2140 2412 UofM_
84207466584966 -80 4757469652 1424984191.2140 2412 _
47491959240 -85 4757469689 1424984191.2140 2437 eduroam_
47492007880 -71 4773145825 1424984191.2140 2412 eduroam_
114896623892006 -65 4757924624 1424984191.2140 2437 NAO_
47492007874 -71 4773145814 1424984191.2140 2412 UofM_Secure_
47491460546 -79 4757469704 1424984191.2140 2462 UofM_Secure_
47491460552 -77 4757924725 1424984191.2140 2462 eduroam_
47491460548 -77 4757924713 1424984191.2140 2462 UofM_Guest_
47491460550 -77 4757924720 1424984191.2140 2462 _
47491460544 -78 4757924708 1424984191.2140 2462 UofM_
47491959241 -80 4757469729 1424984191.2140 5180 eduroam_
47491959235 -81 4757469722 1424984191.2140 5180 UofM_Secure_
47491959234 -72 4757924674 1424984191.2140 2437 UofM_Secure_
189441481137416 -78 4757924640 1424984191.2140 2437 eduroam_
189441481137412 -81 4757924634 1424984191.2140 2437 UofM_Guest_
47491959233 -80 4757469719 1424984191.2140 5180 UofM_
47491959237 -80 4757469726 1424984191.2140 5180 UofM_Guest_
47491959232 -82 4773145848 1424984191.2140 2437 UofM_
47491959238 -79 4757924686 1424984191.2140 2437 _
189441481137408 -79 4757924655 1424984191.2140 2437 UofM_
47491959236 -77 4757924679 1424984191.2140 2437 UofM_Guest_
211938385015607 -78 4773145844 1424984191.2140 2437 HS-HOME-NET_
189441481137410 -77 4757924629 1424984191.2140 2437 UofM_Secure_
189441478786248 -85 4757924590 1424984191.2140 2412 eduroam_
47491268872 -77 4773145868 1424984191.2140 2462 eduroam_
189441481137414 -82 4757924660 1424984191.2140 2437 _
189441478786246 -84 4757924584 1424984191.2140 2412 _
189441478786244 -84 4757924578 1424984191.2140 2412 UofM_Guest_
211938385015619 -73 4773145837 1424984191.2140 2437 viro2_
47493331328 -83 4773145872 1424984191.2140 2462 UofM_
189441478786240 -87 4757924573 1424984191.2140 2412 UofM_
47491268868 -74 4773145860 1424984191.2140 2462 UofM_Guest_
84207466584962 -76 4773145852 1424984191.2140 2412 UofM_Secure_
47491268867 -69 4773145914 1424984191.2140 5785 UofM_Secure_
47491268873 -74 4773145923 1424984191.2140 5785 eduroam_
47492007875 -79 4773145891 1424984191.2140 5220 UofM_Secure_
162797488891937 -79 4773145905 1424984191.2140 5765 Linksys19141_5GHz_
47492007881 -79 4773145900 1424984191.2140 5220 eduroam_
211938385015055 -84 4773145840 1424984191.2140 2437 viro-geni-1_
47493331336 -86 4773145883 1424984191.2140 2462 eduroam_
2297084420154 -80 4773145829 1424984191.2140 2412 DIRECT-_
47491268869 -72 4773145919 1424984191.2140 5785 UofM_Guest_
47491268864 -68 4773145856 1424984191.2140 2462 UofM_
47492007877 -80 4773145896 1424984191.2140 5220 UofM_Guest_
47491268870 -76 4773145864 1424984191.2140 2462 _
47492007873 -81 4773145887 1424984191.2140 5220 UofM_
47493331332 -86 4773145876 1424984191.2140 2462 UofM_Guest_
47493331334 -86 4773145879 1424984191.2140 2462 _
