189441481136064 -61 4466650863 1424983888.3260 2437 UofM_
189441481136065 -68 4470268116 1424983888.3260 5765 UofM_
189441481136073 -69 4470268133 1424983888.3260 5765 eduroam_
189441481136069 -69 4470268127 1424983888.3260 5765 UofM_Guest_
189441481136067 -68 4470268122 1424983888.3260 5765 UofM_Secure_
189441481136072 -78 4470268092 1424983888.3260 2437 eduroam_
189441481136070 -78 4470268087 1424983888.3260 2437 _
189441481136068 -77 4470268082 1424983888.3260 2437 UofM_Guest_
47491272324 -53 4470268072 1424983888.3260 2412 UofM_Guest_
189441481136066 -65 4470268077 1424983888.3260 2437 UofM_Secure_
47491272328 -56 4470268066 1424983888.3260 2412 eduroam_
47491272320 -54 4470268058 1424983888.3260 2412 UofM_
47491272326 -55 4470268062 1424983888.3260 2412 _
47491272323 -45 4470268101 1424983888.3260 5745 UofM_Secure_
47491272329 -49 4470268111 1424983888.3260 5745 eduroam_
47491272325 -49 4470268106 1424983888.3260 5745 UofM_Guest_
47491272321 -50 4470268097 1424983888.3260 5745 UofM_
189441481136071 -70 4466650913 1424983888.3260 5765 _
47491268868 -87 4466650885 1424983888.3260 2462 UofM_Guest_
47491268864 -88 4466650881 1424983888.3260 2462 UofM_
