47491272324 -81 4554639863 1424983972.7010 2412 UofM_Guest_
47491272328 -84 4554639871 1424983972.7010 2412 eduroam_
47491272326 -84 4554639866 1424983972.7010 2412 _
47491272329 -75 4550886496 1424983972.7010 5745 eduroam_
189441481136070 -80 4554639884 1424983972.7010 2437 _
47491268864 -91 4550886475 1424983972.7010 2462 UofM_
189441481136065 -72 4550886442 1424983972.7010 5765 UofM_
47491272323 -75 4550886481 1424983972.7010 5745 UofM_Secure_
47491272322 -78 4554639857 1424983972.7010 2412 UofM_Secure_
189441481136073 -79 4550886520 1424983972.7010 5765 eduroam_
189441481136067 -79 4550886514 1424983972.7010 5765 UofM_Secure_
189441481136072 -80 4550886469 1424983972.7010 2437 eduroam_
189441481136068 -69 4550886455 1424983972.7010 2437 UofM_Guest_
47491272327 -75 4550886491 1424983972.7010 5745 _
47491272325 -75 4550886486 1424983972.7010 5745 UofM_Guest_
189441481136064 -84 4554639877 1424983972.7010 2437 UofM_
47491272320 -81 4554639851 1424983972.7010 2412 UofM_
47491272321 -78 4550886502 1424983972.7010 5745 UofM_
189441481136069 -79 4550886509 1424983972.7010 5765 UofM_Guest_
