114896623892006 -76 4317913570 1424983736.0880 2437 NAO_
47491268872 -87 4317479576 1424983736.0880 2462 eduroam_
47491268868 -83 4317479568 1424983736.0880 2462 UofM_Guest_
47491268864 -83 4317479564 1424983736.0880 2462 UofM_
47491959236 -55 4317913546 1424983736.0880 2437 UofM_Guest_
84207466584962 -79 4313901064 1424983736.0880 2412 UofM_Secure_
47491959240 -55 4317913558 1424983736.0880 2437 eduroam_
47491959238 -55 4317913552 1424983736.0880 2437 _
47491959235 -62 4317479583 1424983736.0880 5180 UofM_Secure_
47491959241 -64 4317479592 1424983736.0880 5180 eduroam_
47491959233 -64 4317479579 1424983736.0880 5180 UofM_
47491959237 -63 4317479588 1424983736.0880 5180 UofM_Guest_
47491959232 -55 4317913540 1424983736.0880 2437 UofM_
47491959234 -57 4317913563 1424983736.0880 2437 UofM_Secure_
189441478786248 -79 4317913530 1424983736.0880 2412 eduroam_
189441478786240 -80 4317479541 1424983736.0880 2412 UofM_
47491268870 -87 4317479572 1424983736.0880 2462 _
