47491271490 -75 4065783387 1424983487.7640 2437 UofM_Secure_
47491271492 -77 4065783400 1424983487.7640 2437 UofM_Guest_
47491271488 -85 4069402346 1424983487.7640 2437 UofM_
47491271496 -83 4069402377 1424983487.7640 2437 eduroam_
47491272320 -67 4069706471 1424983487.7640 2412 UofM_
47491272329 -60 4069706464 1424983487.7640 5745 eduroam_
47491272323 -62 4069706454 1424983487.7640 5745 UofM_Secure_
47491272322 -67 4069706474 1424983487.7640 2412 UofM_Secure_
47491272328 -66 4069706485 1424983487.7640 2412 eduroam_
47491272321 -62 4069706450 1424983487.7640 5745 UofM_
47491271494 -80 4065783408 1424983487.7640 2437 _
47491272325 -61 4069706457 1424983487.7640 5745 UofM_Guest_
47491272324 -67 4069706478 1424983487.7640 2412 UofM_Guest_
189441481136073 -80 4069402419 1424983487.7640 5765 eduroam_
47491272326 -67 4069706482 1424983487.7640 2412 _
189441481136065 -79 4069402408 1424983487.7640 5765 UofM_
189441481136069 -80 4069402413 1424983487.7640 5765 UofM_Guest_
47491272327 -63 4069706467 1424983487.7640 5745 _
