47491959240 -86 4240626205 1424983659.0550 2437 eduroam_
47491959238 -82 4240626197 1424983659.0550 2437 _
47491959234 -67 4236307254 1424983659.0550 2437 UofM_Secure_
47491268873 -69 4240020401 1424983659.0550 5785 eduroam_
47491268867 -68 4240020393 1424983659.0550 5785 UofM_Secure_
47491268865 -68 4240020388 1424983659.0550 5785 UofM_
47491268869 -69 4240020397 1424983659.0550 5785 UofM_Guest_
47491268872 -69 4240949704 1424983659.0550 2462 eduroam_
47491268866 -69 4240949695 1424983659.0550 2462 UofM_Secure_
47491268864 -67 4240949692 1424983659.0550 2462 UofM_
47491268870 -68 4240949701 1424983659.0550 2462 _
47491473988 -79 4240626190 1424983659.0550 2437 UofM_Guest_
47491473992 -76 4240626175 1424983659.0550 2437 eduroam_
47492007880 -79 4240626155 1424983659.0550 2412 eduroam_
47492007874 -80 4240626139 1424983659.0550 2412 UofM_Secure_
47492007872 -78 4240626131 1424983659.0550 2412 UofM_
47491473984 -78 4240626163 1424983659.0550 2437 UofM_
47492007876 -79 4240626144 1424983659.0550 2412 UofM_Guest_
47492007878 -81 4240626149 1424983659.0550 2412 _
47491328708 -84 4240626211 1424983659.0550 2437 UofM_Guest_
9354243434176 -85 4240626181 1424983659.0550 2437 UofM_
47491268424 -88 4240949713 1424983659.0550 2462 eduroam_
47491268868 -66 4240949698 1424983659.0550 2462 UofM_Guest_
47491268422 -89 4240949710 1424983659.0550 2462 _
47491268420 -91 4240949707 1424983659.0550 2462 UofM_Guest_
