47491272320 -65 4101416562 1424983519.4780 2412 UofM_
47491272329 -80 4101416612 1424983519.4780 5745 eduroam_
47491272323 -68 4101416585 1424983519.4780 5745 UofM_Secure_
47491272328 -66 4101416579 1424983519.4780 2412 eduroam_
47491272321 -79 4101416609 1424983519.4780 5745 UofM_
47491272325 -63 4097847993 1424983519.4780 5745 UofM_Guest_
47491272324 -68 4101416571 1424983519.4780 2412 UofM_Guest_
47491272326 -66 4101416575 1424983519.4780 2412 _
189441481136073 -77 4101416628 1424983519.4780 5765 eduroam_
189441481136067 -78 4101416620 1424983519.4780 5765 UofM_Secure_
189441481136069 -79 4101416624 1424983519.4780 5765 UofM_Guest_
189441481136065 -75 4101416616 1424983519.4780 5765 UofM_
189441481136068 -70 4101416597 1424983519.4780 2437 UofM_Guest_
189441481136072 -77 4101416605 1424983519.4780 2437 eduroam_
189441481136066 -67 4101416593 1424983519.4780 2437 UofM_Secure_
189441481136071 -81 4101416633 1424983519.4780 5765 _
189441481136070 -68 4101416601 1424983519.4780 2437 _
189441481136064 -68 4101416589 1424983519.4780 2437 UofM_
47491272322 -65 4101416567 1424983519.4780 2412 UofM_Secure_
