162797488891936 -74 4807696368 1424984225.7580 2437 viro-geni-2_
47492007872 -77 4807696318 1424984225.7580 2412 UofM_
47492007876 -78 4807696327 1424984225.7580 2412 UofM_Guest_
47492007878 -78 4807696332 1424984225.7580 2412 _
47492007880 -81 4807696337 1424984225.7580 2412 eduroam_
47492007874 -77 4807696322 1424984225.7580 2412 UofM_Secure_
47491959232 -75 4807696375 1424984225.7580 2437 UofM_
211938385015607 -81 4804103247 1424984225.7580 2437 HS-HOME-NET_
47491268872 -86 4807696394 1424984225.7580 2462 eduroam_
47491268868 -85 4807696388 1424984225.7580 2462 UofM_Guest_
84207466584962 -76 4807696350 1424984225.7580 2412 UofM_Secure_
47491268864 -81 4807696385 1424984225.7580 2462 UofM_
47491268870 -84 4807696391 1424984225.7580 2462 _
84207466584968 -79 4807696361 1424984225.7580 2412 eduroam_
84207466584966 -78 4807696357 1424984225.7580 2412 _
84207466584964 -74 4807696354 1424984225.7580 2412 UofM_Guest_
114896623892006 -77 4807696372 1424984225.7580 2437 NAO_
189441481137416 -81 4807696364 1424984225.7580 2437 eduroam_
47491460552 -85 4807696407 1424984225.7580 2462 eduroam_
84207466584960 -78 4807696343 1424984225.7580 2412 UofM_
47491959238 -82 4804103270 1424984225.7580 2437 _
189441481137412 -85 4804103255 1424984225.7580 2437 UofM_Guest_
47491460548 -83 4807696403 1424984225.7580 2462 UofM_Guest_
189441481137414 -88 4804103259 1424984225.7580 2437 _
47491460544 -82 4807696399 1424984225.7580 2462 UofM_
47491959240 -77 4807696381 1424984225.7580 2437 eduroam_
47491959236 -79 4807696378 1424984225.7580 2437 UofM_Guest_
