189441481136064 -59 4672274815 1424984090.3340 2437 UofM_
47491463104 -89 4668596506 1424984090.3340 2412 UofM_
47491959234 -80 4668596517 1424984090.3340 2437 UofM_Secure_
47491959240 -84 4668596523 1424984090.3340 2437 eduroam_
47491959238 -87 4668596527 1424984090.3340 2437 _
47491959232 -83 4668596513 1424984090.3340 2437 UofM_
47491959236 -86 4668596520 1424984090.3340 2437 UofM_Guest_
189441481136073 -62 4672274870 1424984090.3340 5765 eduroam_
189441481136067 -64 4672274860 1424984090.3340 5765 UofM_Secure_
189441481136069 -63 4672274865 1424984090.3340 5765 UofM_Guest_
189441481136071 -64 4672274875 1424984090.3340 5765 _
189441481136072 -76 4672274830 1424984090.3340 2437 eduroam_
189441481136065 -64 4672274855 1424984090.3340 5765 UofM_
189441481136070 -71 4672274825 1424984090.3340 2437 _
189441481136068 -74 4672274822 1424984090.3340 2437 UofM_Guest_
47491272323 -74 4672274839 1424984090.3340 5745 UofM_Secure_
47491272329 -75 4672274849 1424984090.3340 5745 eduroam_
189441481136066 -71 4672274819 1424984090.3340 2437 UofM_Secure_
47491272328 -86 4672274811 1424984090.3340 2412 eduroam_
47491272325 -75 4672274844 1424984090.3340 5745 UofM_Guest_
47491272321 -77 4672274834 1424984090.3340 5745 UofM_
47491272320 -85 4672274803 1424984090.3340 2412 UofM_
47491272324 -85 4672274807 1424984090.3340 2412 UofM_Guest_
