114896623892006 -82 4321285141 1424983739.3910 2437 NAO_
47491268872 -85 4321285155 1424983739.3910 2462 eduroam_
47491268868 -84 4321285148 1424983739.3910 2462 UofM_Guest_
47491268864 -83 4317479564 1424983739.3910 2462 UofM_
47491959236 -49 4321285127 1424983739.3910 2437 UofM_Guest_
47491959240 -52 4321285137 1424983739.3910 2437 eduroam_
47491959238 -48 4321285132 1424983739.3910 2437 _
47491959235 -58 4321285173 1424983739.3910 5180 UofM_Secure_
47491959241 -58 4321285181 1424983739.3910 5180 eduroam_
47491959233 -58 4321285169 1424983739.3910 5180 UofM_
47491959237 -57 4321285177 1424983739.3910 5180 UofM_Guest_
47491959232 -49 4321285123 1424983739.3910 2437 UofM_
47491959234 -47 4321285144 1424983739.3910 2437 UofM_Secure_
189441478786248 -82 4321285116 1424983739.3910 2412 eduroam_
189441478786240 -80 4321285101 1424983739.3910 2412 UofM_
47491268870 -86 4321285151 1424983739.3910 2462 _
47491268867 -71 4321285194 1424983739.3910 5785 UofM_Secure_
47491268873 -72 4321285203 1424983739.3910 5785 eduroam_
189441478786242 -77 4321285104 1424983739.3910 2412 UofM_Secure_
9608971665516 -88 4321285095 1424983739.3910 2412 UNITE-C06C_
47491460552 -90 4321285165 1424983739.3910 2462 eduroam_
47491959239 -58 4321285185 1424983739.3910 5180 _
47491268869 -70 4321285198 1424983739.3910 5785 UofM_Guest_
47491268865 -72 4321285189 1424983739.3910 5785 UofM_
189441478786245 -83 4321285207 1424983739.3910 5805 UofM_Guest_
189441478786244 -79 4321285108 1424983739.3910 2412 UofM_Guest_
189441478786246 -81 4321285112 1424983739.3910 2412 _
47491460548 -86 4321285158 1424983739.3910 2462 UofM_Guest_
47491460550 -87 4321285162 1424983739.3910 2462 _
47491463108 -88 4321285120 1424983739.3910 2412 UofM_Guest_
