47491959240 -45 3867636863 1424983285.6940 2437 eduroam_
47491959232 -70 3864054075 1424983285.6940 2437 UofM_
47491959236 -53 3867636860 1424983285.6940 2437 UofM_Guest_
47491959238 -57 3867636852 1424983285.6940 2437 _
114896623892006 -85 3867636868 1424983285.6940 2437 NAO_
47491959235 -54 3867636856 1424983285.6940 5180 UofM_Secure_
47491959241 -60 3867636879 1424983285.6940 5180 eduroam_
47491959239 -60 3867636884 1424983285.6940 5180 _
47491959237 -58 3867636875 1424983285.6940 5180 UofM_Guest_
47491959233 -59 3867636871 1424983285.6940 5180 UofM_
47491268867 -72 3867636892 1424983285.6940 5785 UofM_Secure_
47491268873 -71 3867636902 1424983285.6940 5785 eduroam_
47491268869 -73 3867636897 1424983285.6940 5785 UofM_Guest_
47491268871 -71 3867636906 1424983285.6940 5785 _
47491268865 -73 3867636889 1424983285.6940 5785 UofM_
47491268864 -89 3864054081 1424983285.6940 2462 UofM_
47491268868 -89 3864054088 1424983285.6940 2462 UofM_Guest_
47491268870 -90 3864054094 1424983285.6940 2462 _
189441478786244 -81 3867636848 1424983285.6940 2412 UofM_Guest_
189441478786240 -85 3867636845 1424983285.6940 2412 UofM_
