189441481136064 -51 4459431599 1424983877.4910 2437 UofM_
189441481136065 -57 4459431659 1424983877.4910 5765 UofM_
189441481136073 -59 4459431676 1424983877.4910 5765 eduroam_
189441481136069 -58 4459431670 1424983877.4910 5765 UofM_Guest_
47494398596 -76 4459431621 1424983877.4910 2462 UofM_Guest_
47494398598 -79 4455810768 1424983877.4910 2462 _
47494398600 -77 4459431627 1424983877.4910 2462 eduroam_
189441481136067 -60 4459431665 1424983877.4910 5765 UofM_Secure_
47494398592 -74 4459431610 1424983877.4910 2462 UofM_
189441481136072 -53 4459431589 1424983877.4910 2437 eduroam_
189441481136070 -49 4459431583 1424983877.4910 2437 _
189441481136068 -51 4459431605 1424983877.4910 2437 UofM_Guest_
47491272324 -70 4459431566 1424983877.4910 2412 UofM_Guest_
189441481136066 -48 4459431594 1424983877.4910 2437 UofM_Secure_
47491272322 -66 4455810736 1424983877.4910 2412 UofM_Secure_
47491272328 -75 4459431578 1424983877.4910 2412 eduroam_
189441481136071 -47 4455810803 1424983877.4910 5765 _
47491272320 -71 4459431560 1424983877.4910 2412 UofM_
47491272326 -75 4459431573 1424983877.4910 2412 _
47491272323 -56 4459431638 1424983877.4910 5745 UofM_Secure_
47491272329 -58 4459431648 1424983877.4910 5745 eduroam_
47494398594 -77 4459431615 1424983877.4910 2462 UofM_Secure_
47491272325 -58 4459431643 1424983877.4910 5745 UofM_Guest_
47491272321 -60 4459431632 1424983877.4910 5745 UofM_
47491268873 -76 4459431703 1424983877.4910 5785 eduroam_
47491268867 -78 4459431690 1424983877.4910 5785 UofM_Secure_
47491272327 -61 4459431654 1424983877.4910 5745 _
47491268869 -76 4459431696 1424983877.4910 5785 UofM_Guest_
47491268865 -76 4459431681 1424983877.4910 5785 UofM_
47491268871 -77 4459431709 1424983877.4910 5785 _
