189441481136068 -79 4224889893 1424983646.7670 2437 UofM_Guest_
47491959240 -79 4228701517 1424983646.7670 2437 eduroam_
47491959236 -80 4228701513 1424983646.7670 2437 UofM_Guest_
47491959238 -78 4228701521 1424983646.7670 2437 _
47491959232 -88 4228701509 1424983646.7670 2437 UofM_
47494398600 -75 4228701530 1424983646.7670 2462 eduroam_
47494398594 -72 4224889925 1424983646.7670 2462 UofM_Secure_
47491463112 -84 4228701474 1424983646.7670 2412 eduroam_
47494398596 -73 4228701534 1424983646.7670 2462 UofM_Guest_
47494398598 -77 4228701538 1424983646.7670 2462 _
47491463110 -80 4228701470 1424983646.7670 2412 _
47491959234 -70 4228701503 1424983646.7670 2437 UofM_Secure_
47491268864 -68 4224889900 1424983646.7670 2462 UofM_
47491268873 -54 4228701557 1424983646.7670 5785 eduroam_
47491268867 -53 4228701548 1424983646.7670 5785 UofM_Secure_
47491268866 -66 4224889904 1424983646.7670 2462 UofM_Secure_
47491268872 -70 4224889911 1424983646.7670 2462 eduroam_
47494398595 -75 4224890022 1424983646.7670 5805 UofM_Secure_
47494398601 -75 4224889996 1424983646.7670 5805 eduroam_
47491271491 -79 4224889939 1424983646.7670 5220 UofM_Secure_
47491271497 -80 4224889947 1424983646.7670 5220 eduroam_
47491268865 -54 4228701543 1424983646.7670 5785 UofM_
47491268869 -56 4228701553 1424983646.7670 5785 UofM_Guest_
47491268868 -69 4224889907 1424983646.7670 2462 UofM_Guest_
47494398592 -74 4228701525 1424983646.7670 2462 UofM_
47494398599 -76 4224890027 1424983646.7670 5805 _
47494398593 -76 4224889985 1424983646.7670 5805 UofM_
47494398597 -76 4224889990 1424983646.7670 5805 UofM_Guest_
47491271489 -78 4224889934 1424983646.7670 5220 UofM_
47491271493 -78 4224889942 1424983646.7670 5220 UofM_Guest_
47491271495 -80 4224889954 1424983646.7670 5220 _
47491271488 -83 4224889896 1424983646.7670 2437 UofM_
47489366216 -82 4228701499 1424983646.7670 2412 eduroam_
47492007880 -88 4228701491 1424983646.7670 2412 eduroam_
189441478786248 -88 4228701457 1424983646.7670 2412 eduroam_
47491463108 -80 4228701465 1424983646.7670 2412 UofM_Guest_
47491463104 -81 4228701461 1424983646.7670 2412 UofM_
47489366208 -83 4228701495 1424983646.7670 2412 UofM_
47492007872 -87 4228701478 1424983646.7670 2412 UofM_
47492007878 -88 4228701487 1424983646.7670 2412 _
47492007876 -88 4228701483 1424983646.7670 2412 UofM_Guest_
