47491272326 -85 4581844464 1424983999.9040 2412 _
189441481136070 -71 4578119844 1424983999.9040 2437 _
189441481136065 -79 4581844533 1424983999.9040 5765 UofM_
189441481136064 -73 4578119828 1424983999.9040 2437 UofM_
47491272320 -84 4581844455 1424983999.9040 2412 UofM_
47491268866 -77 4581844528 1424983999.9040 2462 UofM_Secure_
47491268872 -80 4581844509 1424983999.9040 2462 eduroam_
47494398600 -83 4581844523 1424983999.9040 2462 eduroam_
47491268868 -77 4581844498 1424983999.9040 2462 UofM_Guest_
47491268864 -79 4581844494 1424983999.9040 2462 UofM_
47491268870 -79 4581844504 1424983999.9040 2462 _
189441481136068 -83 4581844469 1424983999.9040 2437 UofM_Guest_
189441481136072 -82 4581844474 1424983999.9040 2437 eduroam_
47491268867 -60 4581844553 1424983999.9040 5785 UofM_Secure_
47491268873 -62 4581844560 1424983999.9040 5785 eduroam_
189441481136067 -81 4581844538 1424983999.9040 5765 UofM_Secure_
47491268865 -60 4581844549 1424983999.9040 5785 UofM_
47491268869 -61 4581844557 1424983999.9040 5785 UofM_Guest_
189441481136069 -81 4581844541 1424983999.9040 5765 UofM_Guest_
47491272328 -71 4578119825 1424983999.9040 2412 eduroam_
47491268871 -68 4578119893 1424983999.9040 5785 _
47491272324 -85 4581844460 1424983999.9040 2412 UofM_Guest_
47491271496 -89 4581844490 1424983999.9040 2437 eduroam_
189441481136071 -80 4581844546 1424983999.9040 5765 _
47494398596 -79 4581844514 1424983999.9040 2462 UofM_Guest_
47494398598 -84 4581844518 1424983999.9040 2462 _
47491271492 -84 4581844484 1424983999.9040 2437 UofM_Guest_
47491271488 -85 4581844479 1424983999.9040 2437 UofM_
