211938385015607 -85 3833682637 1424983251.7420 2437 HS-HOME-NET_
162797488891936 -70 3833682633 1424983251.7420 2437 viro-geni-2_
211938385015055 -80 3830121113 1424983251.7420 2437 viro-geni-1_
47491269576 -80 3830121086 1424983251.7420 2412 eduroam_
211938385015619 -79 3833682640 1424983251.7420 2437 viro2_
47491269572 -79 3830121071 1424983251.7420 2412 UofM_Guest_
47491269574 -82 3830121077 1424983251.7420 2412 _
47492007880 -75 3833682630 1424983251.7420 2412 eduroam_
47492007876 -73 3833682624 1424983251.7420 2412 UofM_Guest_
47492007872 -74 3833682617 1424983251.7420 2412 UofM_
47492007874 -76 3833682620 1424983251.7420 2412 UofM_Secure_
47491268872 -74 3833682657 1424983251.7420 2462 eduroam_
47492007878 -74 3833682627 1424983251.7420 2412 _
47491268864 -72 3833682647 1424983251.7420 2462 UofM_
47491268868 -71 3833682651 1424983251.7420 2462 UofM_Guest_
84207466584968 -89 3830420913 1424983251.7420 2412 eduroam_
2297084420154 -78 3830420917 1424983251.7420 2412 DIRECT-_
84207466584960 -88 3830420906 1424983251.7420 2412 UofM_
84207466584966 -88 3830420910 1424983251.7420 2412 _
47491268867 -70 3833682668 1424983251.7420 5785 UofM_Secure_
47491268873 -70 3833682676 1424983251.7420 5785 eduroam_
47491268866 -83 3833682660 1424983251.7420 2462 UofM_Secure_
47491268865 -71 3833682664 1424983251.7420 5785 UofM_
47491268869 -72 3833682672 1424983251.7420 5785 UofM_Guest_
47491268870 -76 3833682654 1424983251.7420 2462 _
47491328704 -85 3833682643 1424983251.7420 2437 UofM_
