47491272320 -82 4105002954 1424983523.0590 2412 UofM_
47491272329 -80 4101416612 1424983523.0590 5745 eduroam_
47491272323 -76 4105002966 1424983523.0590 5745 UofM_Secure_
47491272328 -84 4105002961 1424983523.0590 2412 eduroam_
47491272321 -79 4101416609 1424983523.0590 5745 UofM_
47491272324 -82 4105002958 1424983523.0590 2412 UofM_Guest_
47491272326 -66 4101416575 1424983523.0590 2412 _
189441481136073 -77 4101416628 1424983523.0590 5765 eduroam_
189441481136067 -78 4101416620 1424983523.0590 5765 UofM_Secure_
189441481136069 -79 4101416624 1424983523.0590 5765 UofM_Guest_
189441481136065 -75 4101416616 1424983523.0590 5765 UofM_
189441481136068 -80 4105003021 1424983523.0590 2437 UofM_Guest_
189441481136072 -81 4105003031 1424983523.0590 2437 eduroam_
189441481136066 -79 4105002981 1424983523.0590 2437 UofM_Secure_
189441481136071 -81 4101416633 1424983523.0590 5765 _
189441481136070 -81 4105003025 1424983523.0590 2437 _
189441481136064 -81 4105002972 1424983523.0590 2437 UofM_
47491272322 -65 4101416567 1424983523.0590 2412 UofM_Secure_
