47491271488 -77 4083739126 1424983501.7980 2437 UofM_
47491271496 -77 4083739141 1424983501.7980 2437 eduroam_
47491272320 -80 4083739105 1424983501.7980 2412 UofM_
47491272329 -80 4083739159 1424983501.7980 5745 eduroam_
47491272323 -74 4083739146 1424983501.7980 5745 UofM_Secure_
47491272322 -81 4083739110 1424983501.7980 2412 UofM_Secure_
47491272328 -83 4083739121 1424983501.7980 2412 eduroam_
47491272321 -79 4083739151 1424983501.7980 5745 UofM_
47491272325 -79 4083739155 1424983501.7980 5745 UofM_Guest_
47491272324 -82 4083739113 1424983501.7980 2412 UofM_Guest_
189441481136073 -63 4072961109 1424983501.7980 5765 eduroam_
47491272326 -80 4083739118 1424983501.7980 2412 _
189441481136065 -55 4072961091 1424983501.7980 5765 UofM_
189441481136069 -55 4072961102 1424983501.7980 5765 UofM_Guest_
47491272327 -61 4072961086 1424983501.7980 5745 _
189441481136067 -61 4072961097 1424983501.7980 5765 UofM_Secure_
189441481136072 -72 4072961047 1424983501.7980 2437 eduroam_
189441481136071 -60 4072961116 1424983501.7980 5765 _
189441481136070 -74 4072961059 1424983501.7980 2437 _
189441481136068 -74 4072961052 1424983501.7980 2437 UofM_Guest_
189441481136064 -76 4072961042 1424983501.7980 2437 UofM_
47491271492 -76 4083739132 1424983501.7980 2437 UofM_Guest_
47491271494 -78 4083739137 1424983501.7980 2437 _
