162797488891936 -81 4825665557 1424984243.7280 2437 viro-geni-2_
47492007872 -71 4825665536 1424984243.7280 2412 UofM_
47492007876 -78 4825665540 1424984243.7280 2412 UofM_Guest_
47492007880 -75 4825665549 1424984243.7280 2412 eduroam_
47491959232 -83 4822052685 1424984243.7280 2437 UofM_
84207466584968 -89 4825665532 1424984243.7280 2412 eduroam_
84207466584966 -87 4825665528 1424984243.7280 2412 _
84207466584964 -86 4825665524 1424984243.7280 2412 UofM_Guest_
114896623892006 -86 4822052682 1424984243.7280 2437 NAO_
84207466584960 -85 4825665515 1424984243.7280 2412 UofM_
47491959238 -84 4822052689 1424984243.7280 2437 _
47491959240 -86 4822052693 1424984243.7280 2437 eduroam_
47493331331 -79 4825665610 1424984243.7280 5180 UofM_Secure_
47493331329 -77 4825665605 1424984243.7280 5180 UofM_
47491268873 -75 4825665656 1424984243.7280 5785 eduroam_
47491268867 -77 4825665646 1424984243.7280 5785 UofM_Secure_
211938385015607 -84 4825665586 1424984243.7280 2437 HS-HOME-NET_
211938385015055 -83 4822052675 1424984243.7280 2437 viro-geni-1_
47491268865 -75 4825665642 1424984243.7280 5785 UofM_
47491268869 -76 4825665651 1424984243.7280 5785 UofM_Guest_
47492007881 -71 4822052723 1424984243.7280 5220 eduroam_
47492007875 -77 4825665634 1424984243.7280 5220 UofM_Secure_
47493331337 -78 4825665623 1424984243.7280 5180 eduroam_
162797488891937 -79 4822052732 1424984243.7280 5765 Linksys19141_5GHz_
47492007878 -76 4825665544 1424984243.7280 2412 _
47492007879 -71 4822052727 1424984243.7280 5220 _
47492007873 -78 4825665628 1424984243.7280 5220 UofM_
47492007877 -77 4825665638 1424984243.7280 5220 UofM_Guest_
47493331333 -78 4825665613 1424984243.7280 5180 UofM_Guest_
211938385015619 -79 4825665575 1424984243.7280 2437 viro2_
47491268872 -73 4825665594 1424984243.7280 2462 eduroam_
84207466584962 -82 4825665519 1424984243.7280 2412 UofM_Secure_
47491473992 -86 4825665582 1424984243.7280 2437 eduroam_
47491268864 -72 4825665600 1424984243.7280 2462 UofM_
47493331335 -81 4825665619 1424984243.7280 5180 _
47491473988 -82 4825665568 1424984243.7280 2437 UofM_Guest_
47491268868 -82 4825665590 1424984243.7280 2462 UofM_Guest_
47491328710 -88 4825665563 1424984243.7280 2437 _
