47491959240 -78 3914336172 1424983334.6550 2437 eduroam_
47491959232 -80 3914336200 1424983334.6550 2437 UofM_
47491959236 -80 3914336203 1424983334.6550 2437 UofM_Guest_
47491959238 -81 3914336207 1424983334.6550 2437 _
47491959235 -84 3914336211 1424983334.6550 5180 UofM_Secure_
114896623892006 -82 3916574993 1424983334.6550 2437 NAO_
84207466584962 -78 3914336157 1424983334.6550 2412 UofM_Secure_
84207466584968 -77 3916574982 1424983334.6550 2412 eduroam_
189441481137416 -80 3914336197 1424983334.6550 2437 eduroam_
84207466584960 -73 3916574965 1424983334.6550 2412 UofM_
84207466584964 -80 3914336161 1424983334.6550 2412 UofM_Guest_
84207466584966 -78 3916574975 1424983334.6550 2412 _
189441481137414 -79 3914336193 1424983334.6550 2437 _
47491268867 -77 3914336233 1424983334.6550 5785 UofM_Secure_
47491268873 -79 3914336240 1424983334.6550 5785 eduroam_
47493331331 -82 3914336218 1424983334.6550 5180 UofM_Secure_
47493331337 -82 3914336226 1424983334.6550 5180 eduroam_
189441481137410 -78 3914336186 1424983334.6550 2437 UofM_Secure_
162797488891936 -82 3916574986 1424983334.6550 2437 viro-geni-2_
47491268869 -77 3914336237 1424983334.6550 5785 UofM_Guest_
47491268865 -77 3914336229 1424983334.6550 5785 UofM_
47491268871 -79 3914336244 1424983334.6550 5785 _
47493331329 -80 3914336215 1424983334.6550 5180 UofM_
47493331335 -82 3914336222 1424983334.6550 5180 _
189441481137408 -80 3914336182 1424983334.6550 2437 UofM_
189441481137412 -87 3916574999 1424983334.6550 2437 UofM_Guest_
47492007874 -77 3916574950 1424983334.6550 2412 UofM_Secure_
47492007880 -79 3916574959 1424983334.6550 2412 eduroam_
47492007876 -77 3916574955 1424983334.6550 2412 UofM_Guest_
47492007872 -79 3916574943 1424983334.6550 2412 UofM_
