47491272324 -69 4495936556 1424983913.9990 2412 UofM_Guest_
189441481136066 -73 4477509186 1424983913.9990 2437 UofM_Secure_
47491272328 -68 4495936566 1424983913.9990 2412 eduroam_
47491272320 -68 4495936546 1424983913.9990 2412 UofM_
47491272326 -69 4495936561 1424983913.9990 2412 _
47491272323 -61 4495936610 1424983913.9990 5745 UofM_Secure_
47491272329 -61 4495936621 1424983913.9990 5745 eduroam_
47491272325 -59 4495936615 1424983913.9990 5745 UofM_Guest_
47491272321 -60 4495936604 1424983913.9990 5745 UofM_
47491271497 -80 4495936599 1424983913.9990 5220 eduroam_
47491271491 -79 4495936570 1424983913.9990 5220 UofM_Secure_
47491272327 -77 4481150795 1424983913.9990 5745 _
47491271489 -79 4495936589 1424983913.9990 5220 UofM_
47491271493 -80 4495936594 1424983913.9990 5220 UofM_Guest_
47491271488 -83 4495936575 1424983913.9990 2437 UofM_
47491271496 -84 4495936584 1424983913.9990 2437 eduroam_
47491271492 -74 4482508722 1424983913.9990 2437 UofM_Guest_
47491271494 -84 4495936580 1424983913.9990 2437 _
47491271490 -73 4481150759 1424983913.9990 2437 UofM_Secure_
47491271495 -67 4482841320 1424983913.9990 5220 _
189441478940484 -82 4482508682 1424983913.9990 2412 UofM_Guest_
47491268864 -88 4482508736 1424983913.9990 2462 UofM_
47491272322 -68 4495936552 1424983913.9990 2412 UofM_Secure_
189441481136073 -74 4495936641 1424983913.9990 5765 eduroam_
189441481136067 -77 4495936631 1424983913.9990 5765 UofM_Secure_
189441481136065 -72 4495936626 1424983913.9990 5765 UofM_
189441481136069 -73 4495936636 1424983913.9990 5765 UofM_Guest_
189441481136071 -75 4495936646 1424983913.9990 5765 _
