189441481136064 -76 4698721923 1424984119.6210 2437 UofM_
47494398600 -75 4698721957 1424984119.6210 2462 eduroam_
47494398596 -74 4698721947 1424984119.6210 2462 UofM_Guest_
47494398598 -76 4698721952 1424984119.6210 2462 _
47491463104 -83 4698721918 1424984119.6210 2412 UofM_
47494398592 -75 4698721942 1424984119.6210 2462 UofM_
47491268867 -54 4698721973 1424984119.6210 5785 UofM_Secure_
47491268873 -56 4698721984 1424984119.6210 5785 eduroam_
47491271496 -73 4701541848 1424984119.6210 2437 eduroam_
47491268865 -55 4698721967 1424984119.6210 5785 UofM_
47491268869 -56 4698721978 1424984119.6210 5785 UofM_Guest_
47491271492 -74 4701541844 1424984119.6210 2437 UofM_Guest_
47491271488 -75 4701541836 1424984119.6210 2437 UofM_
47494398594 -76 4698721962 1424984119.6210 2462 UofM_Secure_
47491268872 -57 4701541861 1424984119.6210 2462 eduroam_
47491271490 -73 4701541840 1424984119.6210 2437 UofM_Secure_
47491268864 -68 4701541856 1424984119.6210 2462 UofM_
47491271494 -82 4698721937 1424984119.6210 2437 _
189441481136068 -83 4698721928 1424984119.6210 2437 UofM_Guest_
47491959240 -67 4701541832 1424984119.6210 2437 eduroam_
47491959241 -72 4701541879 1424984119.6210 5180 eduroam_
47491959235 -73 4701541870 1424984119.6210 5180 UofM_Secure_
47491271491 -75 4701541922 1424984119.6210 5220 UofM_Secure_
47491271497 -76 4701541931 1424984119.6210 5220 eduroam_
47491959234 -72 4701541821 1424984119.6210 2437 UofM_Secure_
47491959232 -66 4701541812 1424984119.6210 2437 UofM_
47491959236 -67 4701541827 1424984119.6210 2437 UofM_Guest_
47491959238 -68 4701541852 1424984119.6210 2437 _
47491959233 -73 4701541866 1424984119.6210 5180 UofM_
47491271493 -74 4701541926 1424984119.6210 5220 UofM_Guest_
47491959237 -76 4701541874 1424984119.6210 5180 UofM_Guest_
47491271489 -76 4701541893 1424984119.6210 5220 UofM_
47491271495 -77 4701541935 1424984119.6210 5220 _
