47491272321 -68 4146560374 1424983564.6210 5745 UofM_
47491272326 -81 4146560354 1424983564.6210 2412 _
47491272320 -80 4146560350 1424983564.6210 2412 UofM_
47491272324 -86 4142974780 1424983564.6210 2412 UofM_Guest_
189441481136073 -69 4146560402 1424983564.6210 5765 eduroam_
189441481136067 -70 4146560395 1424983564.6210 5765 UofM_Secure_
189441481136069 -67 4146560399 1424983564.6210 5765 UofM_Guest_
189441481136065 -69 4146560392 1424983564.6210 5765 UofM_
189441481136068 -74 4146560364 1424983564.6210 2437 UofM_Guest_
47491272323 -68 4146560378 1424983564.6210 5745 UofM_Secure_
47491272329 -66 4146560388 1424983564.6210 5745 eduroam_
189441481136072 -70 4146560370 1424983564.6210 2437 eduroam_
47491272325 -67 4146560381 1424983564.6210 5745 UofM_Guest_
47491272327 -70 4146560385 1424983564.6210 5745 _
189441481136070 -70 4146560367 1424983564.6210 2437 _
189441481136064 -76 4146560360 1424983564.6210 2437 UofM_
47491272328 -82 4146560357 1424983564.6210 2412 eduroam_
