114896623892006 -79 4339141929 1424983757.2070 2437 NAO_
47491959236 -62 4339141914 1424983757.2070 2437 UofM_Guest_
47491959240 -60 4339141908 1424983757.2070 2437 eduroam_
47491959238 -60 4339141921 1424983757.2070 2437 _
47491959235 -70 4339141973 1424983757.2070 5180 UofM_Secure_
47491959241 -70 4339141986 1424983757.2070 5180 eduroam_
47491959233 -70 4339141967 1424983757.2070 5180 UofM_
47491959237 -70 4339141980 1424983757.2070 5180 UofM_Guest_
47491959232 -62 4339141902 1424983757.2070 2437 UofM_
47491959234 -60 4339141896 1424983757.2070 2437 UofM_Secure_
189441478786248 -82 4335273621 1424983757.2070 2412 eduroam_
9608971665516 -85 4339141889 1424983757.2070 2412 UNITE-C06C_
47491959239 -72 4339141993 1424983757.2070 5180 _
189441478786246 -84 4335273626 1424983757.2070 2412 _
47491463108 -82 4339141884 1424983757.2070 2412 UofM_Guest_
47494398600 -85 4339141954 1424983757.2070 2462 eduroam_
47494398594 -72 4335273704 1424983757.2070 2462 UofM_Secure_
47491272008 -78 4335273677 1424983757.2070 2437 eduroam_
47491463106 -79 4335273599 1424983757.2070 2412 UofM_Secure_
71145876123144 -80 4335273722 1424983757.2070 2462 eduroam_
71145876123138 -81 4335273713 1424983757.2070 2462 UofM_Secure_
47491463112 -82 4335273610 1424983757.2070 2412 eduroam_
47494398596 -82 4339141948 1424983757.2070 2462 UofM_Guest_
47494398592 -82 4339141941 1424983757.2070 2462 UofM_
47494398598 -84 4339141935 1424983757.2070 2462 _
47491272000 -77 4335273662 1424983757.2070 2437 UofM_
47491272004 -77 4335273667 1424983757.2070 2437 UofM_Guest_
47491272006 -79 4335273673 1424983757.2070 2437 _
71145876123140 -82 4335273700 1424983757.2070 2462 UofM_Guest_
47491463104 -83 4335273615 1424983757.2070 2412 UofM_
71145876123136 -87 4339141961 1424983757.2070 2462 UofM_
71145876123142 -86 4335273717 1424983757.2070 2462 _
