47491268867 -79 3983937188 1424983402.0040 5785 UofM_Secure_
47491268864 -90 3980442691 1424983402.0040 2462 UofM_
47491268868 -87 3980442695 1424983402.0040 2462 UofM_Guest_
47491959240 -78 3983937148 1424983402.0040 2437 eduroam_
47491959232 -73 3983937128 1424983402.0040 2437 UofM_
47491959238 -77 3983937142 1424983402.0040 2437 _
47491463110 -83 3983937115 1424983402.0040 2412 _
47491463108 -80 3983937108 1424983402.0040 2412 UofM_Guest_
47494398600 -87 3980442687 1424983402.0040 2462 eduroam_
47491959236 -76 3983937135 1424983402.0040 2437 UofM_Guest_
47494398598 -86 3980442684 1424983402.0040 2462 _
47491959237 -75 3983937174 1424983402.0040 5180 UofM_Guest_
47491959233 -76 3983937161 1424983402.0040 5180 UofM_
47491959235 -76 3983937168 1424983402.0040 5180 UofM_Secure_
47491959241 -76 3983937181 1424983402.0040 5180 eduroam_
47491463106 -78 3983937101 1424983402.0040 2412 UofM_Secure_
47491463112 -83 3983937122 1424983402.0040 2412 eduroam_
47491463104 -81 3983937094 1424983402.0040 2412 UofM_
189441481136070 -82 3983937155 1424983402.0040 2437 _
