47491959240 -64 3864054060 1424983282.1150 2437 eduroam_
47491959232 -70 3864054075 1424983282.1150 2437 UofM_
47491959236 -64 3864054046 1424983282.1150 2437 UofM_Guest_
47491959238 -64 3864054052 1424983282.1150 2437 _
114896623892006 -88 3864054068 1424983282.1150 2437 NAO_
47491959235 -65 3864054039 1424983282.1150 5180 UofM_Secure_
47491959241 -66 3864054112 1424983282.1150 5180 eduroam_
47491959239 -73 3860509993 1424983282.1150 5180 _
47491959237 -67 3864054106 1424983282.1150 5180 UofM_Guest_
47491959233 -66 3864054101 1424983282.1150 5180 UofM_
189441478786248 -82 3860509958 1424983282.1150 2412 eduroam_
189441478786246 -86 3860509955 1424983282.1150 2412 _
47491268867 -80 3864054126 1424983282.1150 5785 UofM_Secure_
47491268873 -77 3864054139 1424983282.1150 5785 eduroam_
47491268869 -77 3864054133 1424983282.1150 5785 UofM_Guest_
47491268871 -81 3864054145 1424983282.1150 5785 _
47491268865 -78 3864054119 1424983282.1150 5785 UofM_
47491268864 -89 3864054081 1424983282.1150 2462 UofM_
47491268868 -89 3864054088 1424983282.1150 2462 UofM_Guest_
47491268870 -90 3864054094 1424983282.1150 2462 _
