189441481136070 -70 4025087529 1424983443.1490 2437 _
189441481136072 -68 4025087533 1424983443.1490 2437 eduroam_
189441481136064 -71 4025087540 1424983443.1490 2437 UofM_
189441481136067 -71 4025087537 1424983443.1490 5765 UofM_Secure_
189441481136073 -79 4025087584 1424983443.1490 5765 eduroam_
189441481136065 -79 4025087577 1424983443.1490 5765 UofM_
189441481136069 -68 4021357066 1424983443.1490 5765 UofM_Guest_
189441481136068 -75 4025087525 1424983443.1490 2437 UofM_Guest_
47491272328 -59 4025087521 1424983443.1490 2412 eduroam_
47491272324 -55 4025087514 1424983443.1490 2412 UofM_Guest_
47491272320 -55 4025087504 1424983443.1490 2412 UofM_
47491272326 -58 4025087518 1424983443.1490 2412 _
47491272329 -68 4025087574 1424983443.1490 5745 eduroam_
47491272323 -67 4025087567 1424983443.1490 5745 UofM_Secure_
47491272325 -68 4025087571 1424983443.1490 5745 UofM_Guest_
47491272321 -66 4025087564 1424983443.1490 5745 UofM_
47491272322 -59 4025087509 1424983443.1490 2412 UofM_Secure_
47491272327 -54 4021357053 1424983443.1490 5745 _
47491271497 -79 4025087556 1424983443.1490 5220 eduroam_
47491271491 -80 4025087548 1424983443.1490 5220 UofM_Secure_
47491271495 -77 4025087560 1424983443.1490 5220 _
189441481136071 -78 4025087581 1424983443.1490 5765 _
47491271489 -81 4025087543 1424983443.1490 5220 UofM_
47491271493 -82 4025087552 1424983443.1490 5220 UofM_Guest_
