47491272320 -81 4651887068 1424984075.5180 2412 UofM_
47494398600 -85 4651887139 1424984075.5180 2462 eduroam_
189441481136068 -66 4651887104 1424984075.5180 2437 UofM_Guest_
189441481136072 -68 4651887113 1424984075.5180 2437 eduroam_
47491272324 -78 4651887074 1424984075.5180 2412 UofM_Guest_
47494398596 -87 4651887126 1424984075.5180 2462 UofM_Guest_
47494398598 -87 4651887132 1424984075.5180 2462 _
47494398592 -90 4651887146 1424984075.5180 2462 UofM_
189441481136070 -67 4651887109 1424984075.5180 2437 _
189441481136064 -78 4657457106 1424984075.5180 2437 UofM_
47491272328 -82 4651887080 1424984075.5180 2412 eduroam_
189441481136073 -81 4651887151 1424984075.5180 5765 eduroam_
189441481136066 -69 4651887121 1424984075.5180 2437 UofM_Secure_
47491272322 -79 4651887085 1424984075.5180 2412 UofM_Secure_
47491272326 -81 4651887093 1424984075.5180 2412 _
47491463112 -89 4657457101 1424984075.5180 2412 eduroam_
47491463104 -86 4657457085 1424984075.5180 2412 UofM_
47491463108 -88 4657457091 1424984075.5180 2412 UofM_Guest_
47491463110 -89 4657457096 1424984075.5180 2412 _
