47491269570 -71 3822609181 1424983240.6720 2412 UofM_Secure_
211938385015607 -58 3822609194 1424983240.6720 2437 HS-HOME-NET_
162797488891936 -59 3822609189 1424983240.6720 2437 viro-geni-2_
162797488891937 -70 3818918485 1424983240.6720 5765 Linksys19141_5GHz_
211938385015055 -67 3822609197 1424983240.6720 2437 viro-geni-1_
47491269576 -68 3822609177 1424983240.6720 2412 eduroam_
47491269571 -78 3818918458 1424983240.6720 5220 UofM_Secure_
47491269577 -77 3818918470 1424983240.6720 5220 eduroam_
2297084420154 -67 3822609161 1424983240.6720 2412 DIRECT-_
211938385015619 -61 3822609185 1424983240.6720 2437 viro2_
47491269568 -67 3822609165 1424983240.6720 2412 UofM_
47491269572 -66 3822609169 1424983240.6720 2412 UofM_Guest_
47491269573 -78 3818918464 1424983240.6720 5220 UofM_Guest_
47491269569 -80 3818918452 1424983240.6720 5220 UofM_
47493331337 -77 3822609225 1424983240.6720 5180 eduroam_
47493331331 -78 3822609229 1424983240.6720 5180 UofM_Secure_
47493331329 -77 3822609217 1424983240.6720 5180 UofM_
47493331333 -75 3822609222 1424983240.6720 5180 UofM_Guest_
47493331336 -82 3822609213 1424983240.6720 2462 eduroam_
47493331328 -83 3822609201 1424983240.6720 2462 UofM_
47493331332 -85 3822609205 1424983240.6720 2462 UofM_Guest_
47493331334 -85 3822609209 1424983240.6720 2462 _
47491268424 -87 3818918419 1424983240.6720 2462 eduroam_
47491269575 -75 3818918477 1424983240.6720 5220 _
47491268420 -87 3818918406 1424983240.6720 2462 UofM_Guest_
47491268422 -86 3818918412 1424983240.6720 2462 _
47491269574 -66 3822609173 1424983240.6720 2412 _
