47491959234 -77 4387664079 1424983808.5150 2437 UofM_Secure_
162797488891936 -70 4390437480 1424983808.5150 2437 viro-geni-2_
47491268873 -71 4387664155 1424983808.5150 5785 eduroam_
47491268867 -70 4387664145 1424983808.5150 5785 UofM_Secure_
47492007875 -77 4390437497 1424983808.5150 5220 UofM_Secure_
47491268865 -71 4387664139 1424983808.5150 5785 UofM_
47491268869 -71 4387664150 1424983808.5150 5785 UofM_Guest_
47492007873 -79 4390437491 1424983808.5150 5220 UofM_
47491268870 -69 4387664122 1424983808.5150 2462 _
47491268864 -68 4387664112 1424983808.5150 2462 UofM_
47491268868 -68 4387664117 1424983808.5150 2462 UofM_Guest_
47492007872 -86 4390437419 1424983808.5150 2412 UofM_
47491268866 -71 4387664126 1424983808.5150 2462 UofM_Secure_
47491268872 -69 4387664133 1424983808.5150 2462 eduroam_
47491473984 -80 4390437455 1424983808.5150 2437 UofM_
47491959232 -86 4387664107 1424983808.5150 2437 UofM_
47491473986 -76 4387664050 1424983808.5150 2437 UofM_Secure_
47491328712 -85 4390437475 1424983808.5150 2437 eduroam_
211938385015607 -80 4387664074 1424983808.5150 2437 HS-HOME-NET_
47491473992 -79 4390437450 1424983808.5150 2437 eduroam_
9354243434184 -86 4387664101 1424983808.5150 2437 eduroam_
47491268871 -75 4387664161 1424983808.5150 5785 _
47491328708 -83 4390437469 1424983808.5150 2437 UofM_Guest_
47491328710 -76 4387664035 1424983808.5150 2437 _
47491328704 -83 4390437464 1424983808.5150 2437 UofM_
47491473990 -80 4390437460 1424983808.5150 2437 _
47491473988 -78 4390437444 1424983808.5150 2437 UofM_Guest_
9354243434176 -85 4387664089 1424983808.5150 2437 UofM_
9354243434182 -85 4387664095 1424983808.5150 2437 _
47492007881 -78 4390437508 1424983808.5150 5220 eduroam_
84207466584968 -85 4390437325 1424983808.5150 2412 eduroam_
2297084420154 -80 4390437412 1424983808.5150 2412 DIRECT-_
47492007877 -80 4390437502 1424983808.5150 5220 UofM_Guest_
211938385015619 -87 4390437486 1424983808.5150 2437 viro2_
