189441481136068 -79 4224889893 1424983642.9520 2437 UofM_Guest_
189441481136072 -86 4213455136 1424983642.9520 2437 eduroam_
189441481136070 -83 4213162727 1424983642.9520 2437 _
189441481136064 -81 4213162642 1424983642.9520 2437 UofM_
189441481136067 -81 4210092750 1424983642.9520 5765 UofM_Secure_
47491959240 -65 4213455133 1424983642.9520 2437 eduroam_
47491959236 -65 4213455126 1424983642.9520 2437 UofM_Guest_
47491959238 -67 4213455129 1424983642.9520 2437 _
47491959232 -66 4213455119 1424983642.9520 2437 UofM_
47491959241 -69 4213162828 1424983642.9520 5180 eduroam_
47491959235 -71 4213162816 1424983642.9520 5180 UofM_Secure_
47494398600 -68 4224889921 1424983642.9520 2462 eduroam_
47494398594 -72 4224889925 1424983642.9520 2462 UofM_Secure_
47491272009 -80 4213162838 1424983642.9520 5200 eduroam_
47491272008 -77 4213162752 1424983642.9520 2437 eduroam_
47491272002 -78 4213162736 1424983642.9520 2437 UofM_Secure_
47491463112 -82 4213162619 1424983642.9520 2412 eduroam_
47491959237 -70 4213162823 1424983642.9520 5180 UofM_Guest_
47491959239 -71 4213162833 1424983642.9520 5180 _
47491959233 -72 4213162781 1424983642.9520 5180 UofM_
47494398596 -67 4224889918 1424983642.9520 2462 UofM_Guest_
47494398598 -69 4224889928 1424983642.9520 2462 _
47491463109 -81 4213162859 1424983642.9520 5240 UofM_Guest_
47491272006 -78 4213162746 1424983642.9520 2437 _
47491272004 -78 4213162741 1424983642.9520 2437 UofM_Guest_
47491272000 -79 4213162732 1424983642.9520 2437 UofM_
47491463110 -82 4213162612 1424983642.9520 2412 _
71145876123140 -85 4213162776 1424983642.9520 2462 UofM_Guest_
47491959234 -76 4224889931 1424983642.9520 2437 UofM_Secure_
47491268864 -68 4224889900 1424983642.9520 2462 UofM_
47491268873 -54 4224889978 1424983642.9520 5785 eduroam_
47491268867 -54 4224889966 1424983642.9520 5785 UofM_Secure_
47491268866 -66 4224889904 1424983642.9520 2462 UofM_Secure_
47491268872 -70 4224889911 1424983642.9520 2462 eduroam_
47494398595 -75 4224890022 1424983642.9520 5805 UofM_Secure_
47494398601 -75 4224889996 1424983642.9520 5805 eduroam_
47491271491 -79 4224889939 1424983642.9520 5220 UofM_Secure_
47491271497 -80 4224889947 1424983642.9520 5220 eduroam_
47491268865 -53 4224889960 1424983642.9520 5785 UofM_
47491268869 -53 4224889972 1424983642.9520 5785 UofM_Guest_
47491268868 -69 4224889907 1424983642.9520 2462 UofM_Guest_
47494398592 -70 4224889914 1424983642.9520 2462 UofM_
47494398599 -76 4224890027 1424983642.9520 5805 _
47494398593 -76 4224889985 1424983642.9520 5805 UofM_
47494398597 -76 4224889990 1424983642.9520 5805 UofM_Guest_
47491271489 -78 4224889934 1424983642.9520 5220 UofM_
47491271493 -78 4224889942 1424983642.9520 5220 UofM_Guest_
47491271495 -80 4224889954 1424983642.9520 5220 _
47491271488 -83 4224889896 1424983642.9520 2437 UofM_
