162797488891936 -78 4804103242 1424984222.1770 2437 viro-geni-2_
47492007872 -79 4804103218 1424984222.1770 2412 UofM_
47492007876 -78 4804103227 1424984222.1770 2412 UofM_Guest_
47492007878 -78 4804103238 1424984222.1770 2412 _
47492007880 -79 4804103231 1424984222.1770 2412 eduroam_
47492007874 -77 4804103222 1424984222.1770 2412 UofM_Secure_
47491959232 -82 4804103267 1424984222.1770 2437 UofM_
211938385015607 -81 4804103247 1424984222.1770 2437 HS-HOME-NET_
47491268872 -76 4804103286 1424984222.1770 2462 eduroam_
211938385015619 -73 4778869917 1424984222.1770 2437 viro2_
47491268868 -74 4804103278 1424984222.1770 2462 UofM_Guest_
84207466584962 -74 4804103206 1424984222.1770 2412 UofM_Secure_
162797488891937 -72 4778869948 1424984222.1770 5765 Linksys19141_5GHz_
211938385015055 -77 4778869914 1424984222.1770 2437 viro-geni-1_
47493331336 -83 4778869942 1424984222.1770 2462 eduroam_
2297084420154 -74 4778869855 1424984222.1770 2412 DIRECT-_
47491268864 -73 4804103274 1424984222.1770 2462 UofM_
47491268870 -73 4804103282 1424984222.1770 2462 _
47491268866 -78 4778869937 1424984222.1770 2462 UofM_Secure_
47491473992 -85 4778869920 1424984222.1770 2437 eduroam_
84207466584968 -73 4804103214 1424984222.1770 2412 eduroam_
47491269568 -86 4778869903 1424984222.1770 2412 UofM_
84207466584966 -75 4804103235 1424984222.1770 2412 _
84207466584964 -74 4804103210 1424984222.1770 2412 UofM_Guest_
114896623892006 -86 4804103250 1424984222.1770 2437 NAO_
189441481137416 -88 4804103262 1424984222.1770 2437 eduroam_
47491460552 -89 4804103297 1424984222.1770 2462 eduroam_
84207466584960 -72 4804103202 1424984222.1770 2412 UofM_
47491959238 -82 4804103270 1424984222.1770 2437 _
189441481137412 -85 4804103255 1424984222.1770 2437 UofM_Guest_
47491460548 -86 4804103293 1424984222.1770 2462 UofM_Guest_
189441481137414 -88 4804103259 1424984222.1770 2437 _
47491460544 -89 4804103289 1424984222.1770 2462 UofM_
