47491272320 -81 4651887068 1424984069.9900 2412 UofM_
47494398600 -85 4651887139 1424984069.9900 2462 eduroam_
189441481136068 -66 4651887104 1424984069.9900 2437 UofM_Guest_
189441481136072 -68 4651887113 1424984069.9900 2437 eduroam_
47491272324 -78 4651887074 1424984069.9900 2412 UofM_Guest_
47494398596 -87 4651887126 1424984069.9900 2462 UofM_Guest_
47494398598 -87 4651887132 1424984069.9900 2462 _
47494398592 -90 4651887146 1424984069.9900 2462 UofM_
189441481136070 -67 4651887109 1424984069.9900 2437 _
189441481136064 -71 4651887099 1424984069.9900 2437 UofM_
47491272328 -82 4651887080 1424984069.9900 2412 eduroam_
189441481136073 -81 4651887151 1424984069.9900 5765 eduroam_
189441481136066 -69 4651887121 1424984069.9900 2437 UofM_Secure_
47491272322 -79 4651887085 1424984069.9900 2412 UofM_Secure_
47491272326 -81 4651887093 1424984069.9900 2412 _
