47491272324 -86 4533068571 1424983951.2250 2412 UofM_Guest_
189441481136066 -71 4499072713 1424983951.2250 2437 UofM_Secure_
47491272328 -85 4533068581 1424983951.2250 2412 eduroam_
47491272320 -67 4499406646 1424983951.2250 2412 UofM_
47491272326 -87 4533068577 1424983951.2250 2412 _
47491272329 -80 4533068652 1424983951.2250 5745 eduroam_
47491271497 -77 4533068645 1424983951.2250 5220 eduroam_
47491271491 -79 4495936570 1424983951.2250 5220 UofM_Secure_
47491271489 -78 4533068630 1424983951.2250 5220 UofM_
47491271493 -81 4533068638 1424983951.2250 5220 UofM_Guest_
47491271488 -79 4533068591 1424983951.2250 2437 UofM_
47491271496 -79 4533068600 1424983951.2250 2437 eduroam_
47491271494 -82 4533068605 1424983951.2250 2437 _
47491271490 -73 4533068596 1424983951.2250 2437 UofM_Secure_
47491272322 -70 4499406651 1424983951.2250 2412 UofM_Secure_
189441481136072 -77 4499072734 1424983951.2250 2437 eduroam_
189441481136070 -74 4499072726 1424983951.2250 2437 _
189441481136064 -79 4499072709 1424983951.2250 2437 UofM_
189441481136068 -81 4499072718 1424983951.2250 2437 UofM_Guest_
47491268872 -84 4533068620 1424983951.2250 2462 eduroam_
47491271492 -77 4533068586 1424983951.2250 2437 UofM_Guest_
47491268868 -79 4533068614 1424983951.2250 2462 UofM_Guest_
47491268864 -83 4533068609 1424983951.2250 2462 UofM_
47491268870 -84 4533068625 1424983951.2250 2462 _
