47491268867 -62 3950746756 1424983368.8070 5785 UofM_Secure_
47491268873 -61 3950746762 1424983368.8070 5785 eduroam_
47491268869 -62 3950746759 1424983368.8070 5785 UofM_Guest_
47491268865 -63 3950746753 1424983368.8070 5785 UofM_
47492007874 -77 3950746730 1424983368.8070 2412 UofM_Secure_
47492007880 -82 3950746727 1424983368.8070 2412 eduroam_
47492007876 -81 3947037399 1424983368.8070 2412 UofM_Guest_
47492007878 -83 3950746723 1424983368.8070 2412 _
47491268872 -80 3950746749 1424983368.8070 2462 eduroam_
47491268864 -70 3947037665 1424983368.8070 2462 UofM_
47491268868 -78 3950746743 1424983368.8070 2462 UofM_Guest_
47491268870 -80 3950746746 1424983368.8070 2462 _
47492007881 -73 3947037895 1424983368.8070 5220 eduroam_
47492007875 -75 3947037882 1424983368.8070 5220 UofM_Secure_
162797488891936 -80 3950746736 1424983368.8070 2437 viro-geni-2_
47492007877 -76 3947037889 1424983368.8070 5220 UofM_Guest_
47492007873 -73 3947037779 1424983368.8070 5220 UofM_
47491268871 -73 3947037907 1424983368.8070 5785 _
47492007872 -79 3947037313 1424983368.8070 2412 UofM_
47491268866 -76 3947037674 1424983368.8070 2462 UofM_Secure_
84207466584962 -82 3947037307 1424983368.8070 2412 UofM_Secure_
211938385015055 -84 3947037413 1424983368.8070 2437 viro-geni-1_
211938385015607 -77 3950746740 1424983368.8070 2437 HS-HOME-NET_
84207466584968 -88 3950746713 1424983368.8070 2412 eduroam_
47491269568 -84 3950746716 1424983368.8070 2412 UofM_
47491269572 -85 3950746720 1424983368.8070 2412 UofM_Guest_
211938385015619 -86 3950746733 1424983368.8070 2437 viro2_
84207466584960 -87 3950746709 1424983368.8070 2412 UofM_
