162797488891936 -83 3841370486 1424983262.9580 2437 viro-geni-2_
47492007880 -76 3844899286 1424983262.9580 2412 eduroam_
47492007876 -76 3844899279 1424983262.9580 2412 UofM_Guest_
47492007872 -77 3844899271 1424983262.9580 2412 UofM_
47492007874 -74 3844899275 1424983262.9580 2412 UofM_Secure_
47492007878 -76 3844899282 1424983262.9580 2412 _
47491268867 -74 3844899300 1424983262.9580 5785 UofM_Secure_
47491268873 -76 3844899318 1424983262.9580 5785 eduroam_
47491268865 -76 3844899307 1424983262.9580 5785 UofM_
47491268869 -76 3844899311 1424983262.9580 5785 UofM_Guest_
47492007875 -73 3841370498 1424983262.9580 5220 UofM_Secure_
47492007881 -75 3841370515 1424983262.9580 5220 eduroam_
47492007873 -73 3841370492 1424983262.9580 5220 UofM_
47492007877 -74 3841370506 1424983262.9580 5220 UofM_Guest_
84207466584968 -81 3841370447 1424983262.9580 2412 eduroam_
47491959240 -85 3841370480 1424983262.9580 2437 eduroam_
84207466584964 -82 3841370435 1424983262.9580 2412 UofM_Guest_
47491959232 -83 3841370459 1424983262.9580 2437 UofM_
47491959236 -84 3841370466 1424983262.9580 2437 UofM_Guest_
84207466584966 -87 3841370442 1424983262.9580 2412 _
47491959238 -87 3841370473 1424983262.9580 2437 _
114896623892006 -81 3844899293 1424983262.9580 2437 NAO_
47491268871 -79 3844899315 1424983262.9580 5785 _
189441481137414 -81 3844899296 1424983262.9580 2437 _
47491268868 -87 3844899304 1424983262.9580 2462 UofM_Guest_
211938385015619 -90 3844899289 1424983262.9580 2437 viro2_
