47491268867 -57 3939362875 1424983357.4210 5785 UofM_Secure_
47491268873 -59 3939362887 1424983357.4210 5785 eduroam_
47491268869 -57 3939362879 1424983357.4210 5785 UofM_Guest_
47491268865 -59 3939362871 1424983357.4210 5785 UofM_
47492007874 -74 3939362841 1424983357.4210 2412 UofM_Secure_
47492007880 -76 3939362812 1424983357.4210 2412 eduroam_
47492007876 -79 3939362831 1424983357.4210 2412 UofM_Guest_
47492007878 -77 3935637540 1424983357.4210 2412 _
47491268872 -69 3939362860 1424983357.4210 2462 eduroam_
47491268864 -68 3939362856 1424983357.4210 2462 UofM_
47491268868 -65 3939362849 1424983357.4210 2462 UofM_Guest_
47491268870 -67 3939362853 1424983357.4210 2462 _
47491473984 -84 3939362838 1424983357.4210 2437 UofM_
47492007881 -77 3935637571 1424983357.4210 5220 eduroam_
47492007875 -82 3939362868 1424983357.4210 5220 UofM_Secure_
162797488891936 -81 3939362845 1424983357.4210 2437 viro-geni-2_
47492007877 -77 3935637568 1424983357.4210 5220 UofM_Guest_
47492007873 -81 3939362864 1424983357.4210 5220 UofM_
84207466584968 -85 3939362823 1424983357.4210 2412 eduroam_
47491268871 -57 3939362883 1424983357.4210 5785 _
47492007872 -78 3939362827 1424983357.4210 2412 UofM_
211938385015619 -78 3939362834 1424983357.4210 2437 viro2_
84207466584966 -86 3939362819 1424983357.4210 2412 _
84207466584964 -86 3939362815 1424983357.4210 2412 UofM_Guest_
