47491268867 -65 4728024161 1424984147.8920 5785 UofM_Secure_
47491268873 -63 4728024169 1424984147.8920 5785 eduroam_
47491268865 -63 4728024157 1424984147.8920 5785 UofM_
47491268869 -62 4728024165 1424984147.8920 5785 UofM_Guest_
47491959234 -76 4724324309 1424984147.8920 2437 UofM_Secure_
47492007880 -84 4729789105 1424984147.8920 2412 eduroam_
47491268871 -63 4728024172 1424984147.8920 5785 _
47492007881 -78 4729789165 1424984147.8920 5220 eduroam_
47492007875 -77 4729789154 1424984147.8920 5220 UofM_Secure_
211938385015607 -72 4729789111 1424984147.8920 2437 HS-HOME-NET_
162797488891936 -81 4729789117 1424984147.8920 2437 viro-geni-2_
47492007873 -80 4729789148 1424984147.8920 5220 UofM_
47492007877 -77 4729789160 1424984147.8920 5220 UofM_Guest_
211938385015619 -84 4729789121 1424984147.8920 2437 viro2_
84207466584964 -82 4729788966 1424984147.8920 2412 UofM_Guest_
47493331332 -84 4729789137 1424984147.8920 2462 UofM_Guest_
84207466584962 -78 4729788958 1424984147.8920 2412 UofM_Secure_
84207466584968 -85 4729788991 1424984147.8920 2412 eduroam_
47493331336 -85 4729789143 1424984147.8920 2462 eduroam_
211938385015055 -86 4729789126 1424984147.8920 2437 viro-geni-1_
2297084420154 -81 4729788873 1424984147.8920 2412 DIRECT-_
47492007872 -70 4729789089 1424984147.8920 2412 UofM_
47492007876 -70 4729789095 1424984147.8920 2412 UofM_Guest_
47492007878 -71 4729789100 1424984147.8920 2412 _
84207466584960 -80 4729788880 1424984147.8920 2412 UofM_
84207466584966 -84 4729788996 1424984147.8920 2412 _
47493331328 -85 4729789131 1424984147.8920 2462 UofM_
47491959238 -88 4729788862 1424984147.8920 2437 _
