47491272326 -77 4203348894 1424983621.4060 2412 _
47491272320 -75 4199796980 1424983621.4060 2412 UofM_
47491272324 -76 4203348891 1424983621.4060 2412 UofM_Guest_
189441481136068 -62 4203348909 1424983621.4060 2437 UofM_Guest_
189441481136072 -62 4203348916 1424983621.4060 2437 eduroam_
189441481136070 -62 4203348913 1424983621.4060 2437 _
189441481136064 -66 4203348903 1424983621.4060 2437 UofM_
47491272328 -78 4203348897 1424983621.4060 2412 eduroam_
47494398600 -78 4199797074 1424983621.4060 2462 eduroam_
47494398598 -79 4199797068 1424983621.4060 2462 _
47494398592 -76 4199797079 1424983621.4060 2462 UofM_
47494398596 -77 4199797062 1424983621.4060 2462 UofM_Guest_
189441481136067 -62 4203348900 1424983621.4060 5765 UofM_Secure_
189441481136073 -70 4203348926 1424983621.4060 5765 eduroam_
189441481136071 -73 4203348932 1424983621.4060 5765 _
189441481136069 -72 4203348923 1424983621.4060 5765 UofM_Guest_
189441481136065 -73 4203348919 1424983621.4060 5765 UofM_
47491272323 -74 4199797099 1424983621.4060 5745 UofM_Secure_
47491272329 -75 4199797115 1424983621.4060 5745 eduroam_
47494398595 -76 4199797153 1424983621.4060 5805 UofM_Secure_
47494398601 -77 4199797168 1424983621.4060 5805 eduroam_
47491272322 -74 4199796986 1424983621.4060 2412 UofM_Secure_
47494398594 -76 4199797085 1424983621.4060 2462 UofM_Secure_
47494398593 -76 4199797147 1424983621.4060 5805 UofM_
47491272325 -76 4199797108 1424983621.4060 5745 UofM_Guest_
47491272321 -76 4199797091 1424983621.4060 5745 UofM_
47494398597 -76 4199797160 1424983621.4060 5805 UofM_Guest_
47494398599 -79 4199797175 1424983621.4060 5805 _
