189441481136064 -59 4675959722 1424984094.0180 2437 UofM_
47491959234 -80 4675959734 1424984094.0180 2437 UofM_Secure_
47491959240 -81 4675959731 1424984094.0180 2437 eduroam_
47491959238 -79 4675959737 1424984094.0180 2437 _
47491959232 -81 4675959725 1424984094.0180 2437 UofM_
47491959236 -80 4675959728 1424984094.0180 2437 UofM_Guest_
189441481136073 -72 4675959761 1424984094.0180 5765 eduroam_
189441481136067 -76 4675959756 1424984094.0180 5765 UofM_Secure_
189441481136069 -74 4675959759 1424984094.0180 5765 UofM_Guest_
189441481136071 -73 4675959764 1424984094.0180 5765 _
189441481136072 -67 4675959749 1424984094.0180 2437 eduroam_
189441481136065 -72 4675959753 1424984094.0180 5765 UofM_
189441481136070 -73 4675959746 1424984094.0180 2437 _
189441481136068 -65 4675959743 1424984094.0180 2437 UofM_Guest_
47491272323 -74 4672274839 1424984094.0180 5745 UofM_Secure_
47491272329 -75 4672274849 1424984094.0180 5745 eduroam_
189441481136066 -66 4675959740 1424984094.0180 2437 UofM_Secure_
47491272328 -80 4675959719 1424984094.0180 2412 eduroam_
47491272325 -75 4672274844 1424984094.0180 5745 UofM_Guest_
47491272321 -77 4672274834 1424984094.0180 5745 UofM_
47491272320 -85 4672274803 1424984094.0180 2412 UofM_
47491272324 -85 4672274807 1424984094.0180 2412 UofM_Guest_
