47492007880 -85 4288497860 1424983708.3610 2412 eduroam_
211938385015607 -76 4289942239 1424983708.3610 2437 HS-HOME-NET_
162797488891936 -83 4289942225 1424983708.3610 2437 viro-geni-2_
47493331331 -77 4284960486 1424983708.3610 5180 UofM_Secure_
211938385015619 -66 4288497870 1424983708.3610 2437 viro2_
47491269568 -81 4288497836 1424983708.3610 2412 UofM_
2297084420154 -72 4288497828 1424983708.3610 2412 DIRECT-_
47491269576 -83 4288497856 1424983708.3610 2412 eduroam_
47491269570 -79 4288497842 1424983708.3610 2412 UofM_Secure_
47491269572 -81 4288497847 1424983708.3610 2412 UofM_Guest_
47491269574 -83 4288497851 1424983708.3610 2412 _
47491268873 -72 4288497896 1424983708.3610 5785 eduroam_
47491268867 -73 4288497885 1424983708.3610 5785 UofM_Secure_
114896623892006 -86 4288497879 1424983708.3610 2437 NAO_
47491268869 -71 4288497891 1424983708.3610 5785 UofM_Guest_
47492007881 -78 4290255855 1424983708.3610 5220 eduroam_
47492007875 -78 4290255841 1424983708.3610 5220 UofM_Secure_
47491328712 -85 4289942218 1424983708.3610 2437 eduroam_
47492007873 -80 4290255833 1424983708.3610 5220 UofM_
47492007877 -79 4290255848 1424983708.3610 5220 UofM_Guest_
47491328708 -85 4289942202 1424983708.3610 2437 UofM_Guest_
47491328710 -86 4289942212 1424983708.3610 2437 _
47492007879 -78 4290255863 1424983708.3610 5220 _
