47491268867 -67 3976919612 1424983394.9790 5785 UofM_Secure_
47491268873 -72 3973326086 1424983394.9790 5785 eduroam_
47491268869 -71 3973326083 1424983394.9790 5785 UofM_Guest_
47491268865 -80 3976919702 1424983394.9790 5785 UofM_
47491268872 -81 3976919655 1424983394.9790 2462 eduroam_
47491268864 -78 3976919638 1424983394.9790 2462 UofM_
47491268868 -79 3976919642 1424983394.9790 2462 UofM_Guest_
47491268870 -82 3976919649 1424983394.9790 2462 _
47491959240 -79 3976919632 1424983394.9790 2437 eduroam_
47491271496 -79 3973325996 1424983394.9790 2437 eduroam_
47491959232 -80 3976919599 1424983394.9790 2437 UofM_
47491959238 -83 3976919626 1424983394.9790 2437 _
47491271488 -78 3973325985 1424983394.9790 2437 UofM_
47491271492 -80 3973325989 1424983394.9790 2437 UofM_Guest_
47491271494 -80 3973325992 1424983394.9790 2437 _
189441481136067 -81 3976919685 1424983394.9790 5765 UofM_Secure_
189441481136073 -82 3976919696 1424983394.9790 5765 eduroam_
47491463112 -84 3973325981 1424983394.9790 2412 eduroam_
189441481136069 -78 3973326065 1424983394.9790 5765 UofM_Guest_
189441481136071 -82 3976919691 1424983394.9790 5765 _
189441481136065 -79 3976919679 1424983394.9790 5765 UofM_
189441481136064 -83 3973326030 1424983394.9790 2437 UofM_
47491463110 -84 3973325978 1424983394.9790 2412 _
47491463108 -86 3973325974 1424983394.9790 2412 UofM_Guest_
47491268866 -78 3976919672 1424983394.9790 2462 UofM_Secure_
47494398600 -80 3976919666 1424983394.9790 2462 eduroam_
47491959236 -79 3976919618 1424983394.9790 2437 UofM_Guest_
47494398598 -81 3976919661 1424983394.9790 2462 _
