47491268867 -60 4720539935 1424984138.6230 5785 UofM_Secure_
47491268873 -59 4720539941 1424984138.6230 5785 eduroam_
47491268865 -59 4720539932 1424984138.6230 5785 UofM_
47491268869 -60 4720539938 1424984138.6230 5785 UofM_Guest_
47491268872 -77 4720539911 1424984138.6230 2462 eduroam_
47491268864 -74 4720539906 1424984138.6230 2462 UofM_
47491959234 -80 4720539929 1424984138.6230 2437 UofM_Secure_
47491473992 -80 4720539894 1424984138.6230 2437 eduroam_
47491268868 -76 4720539900 1424984138.6230 2462 UofM_Guest_
47491268870 -76 4720539903 1424984138.6230 2462 _
47491473988 -81 4720539888 1424984138.6230 2437 UofM_Guest_
47492007880 -76 4720539879 1424984138.6230 2412 eduroam_
47492007872 -78 4720539871 1424984138.6230 2412 UofM_
47492007876 -76 4720539873 1424984138.6230 2412 UofM_Guest_
47491328712 -88 4716782954 1424984138.6230 2437 eduroam_
47491268871 -66 4716783036 1424984138.6230 5785 _
47491328710 -87 4716782950 1424984138.6230 2437 _
47492007881 -79 4720539923 1424984138.6230 5220 eduroam_
47491268866 -73 4720539908 1424984138.6230 2462 UofM_Secure_
47492007875 -80 4720539917 1424984138.6230 5220 UofM_Secure_
211938385015607 -78 4720539885 1424984138.6230 2437 HS-HOME-NET_
114896623892006 -80 4716782958 1424984138.6230 2437 NAO_
162797488891936 -75 4720539882 1424984138.6230 2437 viro-geni-2_
47492007873 -78 4720539914 1424984138.6230 5220 UofM_
47492007877 -79 4720539920 1424984138.6230 5220 UofM_Guest_
211938385015619 -80 4720539897 1424984138.6230 2437 viro2_
84207466584960 -86 4720539856 1424984138.6230 2412 UofM_
84207466584964 -90 4720539862 1424984138.6230 2412 UofM_Guest_
84207466584962 -79 4720539859 1424984138.6230 2412 UofM_Secure_
84207466584968 -82 4720539868 1424984138.6230 2412 eduroam_
2297084420154 -80 4720539853 1424984138.6230 2412 DIRECT-_
47492007879 -78 4720539926 1424984138.6230 5220 _
47492007878 -78 4720539876 1424984138.6230 2412 _
47491473990 -82 4720539890 1424984138.6230 2437 _
84207466584966 -86 4720539865 1424984138.6230 2412 _
