47492007880 -80 4293874906 1424983711.9780 2412 eduroam_
211938385015607 -76 4293874926 1424983711.9780 2437 HS-HOME-NET_
162797488891936 -78 4293874939 1424983711.9780 2437 viro-geni-2_
47493331331 -77 4284960486 1424983711.9780 5180 UofM_Secure_
211938385015619 -66 4288497870 1424983711.9780 2437 viro2_
47491269568 -81 4288497836 1424983711.9780 2412 UofM_
2297084420154 -72 4288497828 1424983711.9780 2412 DIRECT-_
47491269576 -83 4288497856 1424983711.9780 2412 eduroam_
47491269570 -79 4288497842 1424983711.9780 2412 UofM_Secure_
47491269572 -81 4288497847 1424983711.9780 2412 UofM_Guest_
47491269574 -83 4288497851 1424983711.9780 2412 _
47491268873 -68 4293874996 1424983711.9780 5785 eduroam_
47491268867 -70 4293874987 1424983711.9780 5785 UofM_Secure_
114896623892006 -80 4293874911 1424983711.9780 2437 NAO_
47491268869 -68 4293874991 1424983711.9780 5785 UofM_Guest_
47492007881 -78 4290255855 1424983711.9780 5220 eduroam_
47492007875 -78 4290255841 1424983711.9780 5220 UofM_Secure_
47491328712 -85 4289942218 1424983711.9780 2437 eduroam_
47492007873 -80 4290255833 1424983711.9780 5220 UofM_
47492007877 -81 4293874978 1424983711.9780 5220 UofM_Guest_
47491328708 -85 4289942202 1424983711.9780 2437 UofM_Guest_
47491328710 -86 4289942212 1424983711.9780 2437 _
47492007879 -78 4290255863 1424983711.9780 5220 _
47492007874 -69 4293874895 1424983711.9780 2412 UofM_Secure_
47491268866 -74 4293874973 1424983711.9780 2462 UofM_Secure_
47491473986 -76 4293874954 1424983711.9780 2437 UofM_Secure_
47491473992 -78 4293874922 1424983711.9780 2437 eduroam_
47491268872 -83 4293874969 1424983711.9780 2462 eduroam_
211938385015055 -86 4293874932 1424983711.9780 2437 viro-geni-1_
47491268865 -68 4293874983 1424983711.9780 5785 UofM_
47491268871 -70 4293875068 1424983711.9780 5785 _
47492007876 -76 4293874899 1424983711.9780 2412 UofM_Guest_
47491473988 -78 4293874916 1424983711.9780 2437 UofM_Guest_
47491473984 -78 4293874946 1424983711.9780 2437 UofM_
47492007872 -79 4293874889 1424983711.9780 2412 UofM_
47492007878 -80 4293874902 1424983711.9780 2412 _
47491473990 -81 4293874942 1424983711.9780 2437 _
47491268868 -83 4293874962 1424983711.9780 2462 UofM_Guest_
47491268870 -85 4293874965 1424983711.9780 2462 _
47491268864 -85 4293874958 1424983711.9780 2462 UofM_
47491959236 -87 4293874950 1424983711.9780 2437 UofM_Guest_
