47491272321 -75 4153567707 1424983574.7930 5745 UofM_
47491272326 -84 4156351104 1424983574.7930 2412 _
47491272320 -87 4156735483 1424983574.7930 2412 UofM_
47491272324 -86 4156735487 1424983574.7930 2412 UofM_Guest_
189441481136065 -78 4153567744 1424983574.7930 5765 UofM_
189441481136068 -84 4156735441 1424983574.7930 2437 UofM_Guest_
189441481136072 -83 4156735450 1424983574.7930 2437 eduroam_
189441481136070 -85 4156735444 1424983574.7930 2437 _
189441481136064 -84 4156735431 1424983574.7930 2437 UofM_
47491272328 -82 4156351113 1424983574.7930 2412 eduroam_
189441481136066 -77 4156735436 1424983574.7930 2437 UofM_Secure_
47491268872 -81 4156351215 1424983574.7930 2462 eduroam_
47494398600 -80 4156735475 1424983574.7930 2462 eduroam_
47491268868 -81 4156351195 1424983574.7930 2462 UofM_Guest_
47491268864 -81 4156351182 1424983574.7930 2462 UofM_
47494398598 -81 4156735471 1424983574.7930 2462 _
47494398592 -79 4156735462 1424983574.7930 2462 UofM_
47494398596 -77 4156735467 1424983574.7930 2462 UofM_Guest_
47491268870 -83 4156351204 1424983574.7930 2462 _
