114896623892006 -71 4357863205 1424983775.9240 2437 NAO_
47491959236 -51 4357863194 1424983775.9240 2437 UofM_Guest_
47491959240 -51 4357863201 1424983775.9240 2437 eduroam_
47491959238 -53 4357863198 1424983775.9240 2437 _
47491959235 -60 4357863232 1424983775.9240 5180 UofM_Secure_
47491959241 -58 4357863240 1424983775.9240 5180 eduroam_
47491959233 -61 4357863229 1424983775.9240 5180 UofM_
47491959237 -60 4357863236 1424983775.9240 5180 UofM_Guest_
47491959232 -52 4357863190 1424983775.9240 2437 UofM_
47491959234 -49 4357863183 1424983775.9240 2437 UofM_Secure_
189441481137416 -82 4357863186 1424983775.9240 2437 eduroam_
189441478786246 -75 4354138046 1424983775.9240 2412 _
189441481137412 -86 4357863212 1424983775.9240 2437 UofM_Guest_
189441481137414 -87 4354138080 1424983775.9240 2437 _
47491460552 -84 4357863216 1424983775.9240 2462 eduroam_
47491460544 -82 4357863221 1424983775.9240 2462 UofM_
47491460548 -84 4357863225 1424983775.9240 2462 UofM_Guest_
189441481137408 -87 4357863209 1424983775.9240 2437 UofM_
