114896623892006 -77 4361668828 1424983779.7490 2437 NAO_
47491959236 -57 4361668813 1424983779.7490 2437 UofM_Guest_
47491959240 -57 4361668823 1424983779.7490 2437 eduroam_
47491959238 -55 4361668818 1424983779.7490 2437 _
47491959235 -69 4361668889 1424983779.7490 5180 UofM_Secure_
47491959241 -68 4361668897 1424983779.7490 5180 eduroam_
47491959233 -68 4361668885 1424983779.7490 5180 UofM_
47491959237 -71 4361668893 1424983779.7490 5180 UofM_Guest_
47491959232 -56 4361668808 1424983779.7490 2437 UofM_
47491959234 -60 4361668842 1424983779.7490 2437 UofM_Secure_
189441481137416 -82 4357863186 1424983779.7490 2437 eduroam_
189441481137412 -79 4361668851 1424983779.7490 2437 UofM_Guest_
189441481137414 -78 4361668838 1424983779.7490 2437 _
47491460552 -76 4361668876 1424983779.7490 2462 eduroam_
47491460544 -76 4361668858 1424983779.7490 2462 UofM_
47491460548 -75 4361668864 1424983779.7490 2462 UofM_Guest_
189441481137408 -81 4361668833 1424983779.7490 2437 UofM_
47491460546 -77 4361668880 1424983779.7490 2462 UofM_Secure_
189441478786244 -79 4361668803 1424983779.7490 2412 UofM_Guest_
47491460550 -79 4361668871 1424983779.7490 2462 _
