47491268865 -78 4754008431 1424984175.5550 5785 UofM_
162797488891936 -84 4757469693 1424984175.5550 2437 viro-geni-2_
84207466584964 -74 4757469642 1424984175.5550 2412 UofM_Guest_
84207466584968 -75 4757469647 1424984175.5550 2412 eduroam_
47492007872 -80 4757469609 1424984175.5550 2412 UofM_
47492007876 -80 4757469626 1424984175.5550 2412 UofM_Guest_
47492007878 -80 4757469632 1424984175.5550 2412 _
84207466584960 -76 4757469637 1424984175.5550 2412 UofM_
84207466584966 -80 4757469652 1424984175.5550 2412 _
47491959240 -85 4757469689 1424984175.5550 2437 eduroam_
47492007880 -78 4754008386 1424984175.5550 2412 eduroam_
84207466584962 -70 4754008353 1424984175.5550 2412 UofM_Secure_
114896623892006 -70 4757469657 1424984175.5550 2437 NAO_
47492007874 -75 4757469619 1424984175.5550 2412 UofM_Secure_
47491460546 -79 4757469704 1424984175.5550 2462 UofM_Secure_
47491460552 -81 4757469715 1424984175.5550 2462 eduroam_
47491460548 -82 4757469708 1424984175.5550 2462 UofM_Guest_
47491460550 -84 4757469711 1424984175.5550 2462 _
47491460544 -83 4757469701 1424984175.5550 2462 UofM_
47491959241 -80 4757469729 1424984175.5550 5180 eduroam_
47491959235 -81 4757469722 1424984175.5550 5180 UofM_Secure_
47491959234 -77 4757469676 1424984175.5550 2437 UofM_Secure_
189441481137416 -84 4757469667 1424984175.5550 2437 eduroam_
189441481137412 -75 4757469662 1424984175.5550 2437 UofM_Guest_
47491959233 -80 4757469719 1424984175.5550 5180 UofM_
47491959237 -80 4757469726 1424984175.5550 5180 UofM_Guest_
47491959232 -81 4757469672 1424984175.5550 2437 UofM_
47491959238 -84 4757469685 1424984175.5550 2437 _
189441481137408 -84 4757469697 1424984175.5550 2437 UofM_
47491959236 -84 4757469681 1424984175.5550 2437 UofM_Guest_
