189441481136067 -71 4025087537 1424983452.1900 5765 UofM_Secure_
47491272328 -75 4030693806 1424983452.1900 2412 eduroam_
47491272324 -73 4030693794 1424983452.1900 2412 UofM_Guest_
47491272320 -82 4034070639 1424983452.1900 2412 UofM_
47491272326 -77 4030693799 1424983452.1900 2412 _
47491272329 -74 4028630166 1424983452.1900 5745 eduroam_
47491272323 -72 4028630157 1424983452.1900 5745 UofM_Secure_
47491272325 -73 4028630162 1424983452.1900 5745 UofM_Guest_
47491272321 -72 4028630153 1424983452.1900 5745 UofM_
47491272327 -72 4028630170 1424983452.1900 5745 _
47491271497 -66 4034070678 1424983452.1900 5220 eduroam_
47491271491 -70 4034070669 1424983452.1900 5220 UofM_Secure_
47491271495 -70 4030693855 1424983452.1900 5220 _
47491271489 -71 4034070665 1424983452.1900 5220 UofM_
47491271493 -68 4034070673 1424983452.1900 5220 UofM_Guest_
47491271490 -65 4034070661 1424983452.1900 2437 UofM_Secure_
47491271496 -66 4034070657 1424983452.1900 2437 eduroam_
47491271492 -68 4034070650 1424983452.1900 2437 UofM_Guest_
47491271488 -67 4034070646 1424983452.1900 2437 UofM_
47491271494 -69 4034070653 1424983452.1900 2437 _
47491268873 -77 4034070682 1424983452.1900 5785 eduroam_
47491272322 -77 4034070642 1424983452.1900 2412 UofM_Secure_
189441478940488 -84 4034070635 1424983452.1900 2412 eduroam_
189441478940480 -84 4034070624 1424983452.1900 2412 UofM_
189441478940484 -85 4034070627 1424983452.1900 2412 UofM_Guest_
189441478940486 -86 4034070631 1424983452.1900 2412 _
