47491268867 -68 4724324423 1424984142.3850 5785 UofM_Secure_
47491268873 -70 4724324434 1424984142.3850 5785 eduroam_
47491268865 -69 4724324417 1424984142.3850 5785 UofM_
47491268869 -70 4724324428 1424984142.3850 5785 UofM_Guest_
47491268872 -62 4724324360 1424984142.3850 2462 eduroam_
47491268864 -83 4724324339 1424984142.3850 2462 UofM_
47491959234 -76 4724324309 1424984142.3850 2437 UofM_Secure_
47491473992 -80 4720539894 1424984142.3850 2437 eduroam_
47491268868 -68 4724324348 1424984142.3850 2462 UofM_Guest_
47491268870 -62 4724324353 1424984142.3850 2462 _
47491473988 -82 4724324335 1424984142.3850 2437 UofM_Guest_
47492007880 -81 4724324297 1424984142.3850 2412 eduroam_
47492007872 -78 4720539871 1424984142.3850 2412 UofM_
47492007876 -76 4720539873 1424984142.3850 2412 UofM_Guest_
47491268871 -71 4724324439 1424984142.3850 5785 _
47492007881 -69 4724324407 1424984142.3850 5220 eduroam_
47491268866 -73 4720539908 1424984142.3850 2462 UofM_Secure_
47492007875 -71 4724324390 1424984142.3850 5220 UofM_Secure_
211938385015607 -78 4720539885 1424984142.3850 2437 HS-HOME-NET_
162797488891936 -75 4720539882 1424984142.3850 2437 viro-geni-2_
47492007873 -73 4724324412 1424984142.3850 5220 UofM_
47492007877 -72 4724324394 1424984142.3850 5220 UofM_Guest_
211938385015619 -80 4720539897 1424984142.3850 2437 viro2_
84207466584960 -86 4720539856 1424984142.3850 2412 UofM_
84207466584964 -90 4720539862 1424984142.3850 2412 UofM_Guest_
84207466584962 -79 4720539859 1424984142.3850 2412 UofM_Secure_
84207466584968 -82 4720539868 1424984142.3850 2412 eduroam_
2297084420154 -80 4720539853 1424984142.3850 2412 DIRECT-_
47492007879 -71 4724324403 1424984142.3850 5220 _
47492007878 -78 4720539876 1424984142.3850 2412 _
47491473990 -79 4724324303 1424984142.3850 2437 _
84207466584966 -86 4720539865 1424984142.3850 2412 _
47491959235 -80 4724324370 1424984142.3850 5180 UofM_Secure_
47491959241 -80 4724324383 1424984142.3850 5180 eduroam_
47491959240 -77 4724324323 1424984142.3850 2437 eduroam_
47491271496 -84 4724324331 1424984142.3850 2437 eduroam_
47491959236 -77 4724324317 1424984142.3850 2437 UofM_Guest_
47491959233 -82 4724324365 1424984142.3850 5180 UofM_
47491959237 -82 4724324379 1424984142.3850 5180 UofM_Guest_
