162797488891936 -74 4807696368 1424984229.3860 2437 viro-geni-2_
47492007872 -78 4811325513 1424984229.3860 2412 UofM_
47492007876 -79 4811325519 1424984229.3860 2412 UofM_Guest_
47492007878 -79 4811325521 1424984229.3860 2412 _
47492007880 -81 4811325524 1424984229.3860 2412 eduroam_
47492007874 -77 4811325516 1424984229.3860 2412 UofM_Secure_
47491959232 -80 4811325545 1424984229.3860 2437 UofM_
47491268872 -86 4807696394 1424984229.3860 2462 eduroam_
47491268868 -85 4807696388 1424984229.3860 2462 UofM_Guest_
84207466584962 -73 4811325533 1424984229.3860 2412 UofM_Secure_
47491268864 -81 4807696385 1424984229.3860 2462 UofM_
47491268870 -84 4807696391 1424984229.3860 2462 _
84207466584968 -78 4811325542 1424984229.3860 2412 eduroam_
84207466584966 -80 4811325539 1424984229.3860 2412 _
84207466584964 -79 4811325536 1424984229.3860 2412 UofM_Guest_
114896623892006 -68 4811325554 1424984229.3860 2437 NAO_
189441481137416 -79 4811325567 1424984229.3860 2437 eduroam_
47491460552 -76 4811325584 1424984229.3860 2462 eduroam_
84207466584960 -75 4811325527 1424984229.3860 2412 UofM_
47491959238 -81 4811325548 1424984229.3860 2437 _
189441481137412 -81 4811325562 1424984229.3860 2437 UofM_Guest_
47491460548 -78 4811325581 1424984229.3860 2462 UofM_Guest_
189441481137414 -81 4811325557 1424984229.3860 2437 _
47491460544 -78 4811325575 1424984229.3860 2462 UofM_
47491959240 -80 4811325551 1424984229.3860 2437 eduroam_
47491959236 -81 4811325572 1424984229.3860 2437 UofM_Guest_
47491460546 -76 4811325578 1424984229.3860 2462 UofM_Secure_
189441481137410 -79 4811325569 1424984229.3860 2437 UofM_Secure_
47491460550 -78 4811325587 1424984229.3860 2462 _
189441481137408 -82 4811325559 1424984229.3860 2437 UofM_
