162797488891936 -79 4822052668 1424984240.1170 2437 viro-geni-2_
47492007872 -61 4822052652 1424984240.1170 2412 UofM_
47492007876 -66 4822052655 1424984240.1170 2412 UofM_Guest_
47492007880 -67 4822052662 1424984240.1170 2412 eduroam_
47492007874 -72 4818505362 1424984240.1170 2412 UofM_Secure_
47491959232 -83 4822052685 1424984240.1170 2437 UofM_
84207466584968 -68 4818505382 1424984240.1170 2412 eduroam_
84207466584966 -68 4818505379 1424984240.1170 2412 _
84207466584964 -69 4818505376 1424984240.1170 2412 UofM_Guest_
114896623892006 -86 4822052682 1424984240.1170 2437 NAO_
47491460552 -92 4818505417 1424984240.1170 2462 eduroam_
84207466584960 -77 4822052665 1424984240.1170 2412 UofM_
47491959238 -84 4822052689 1424984240.1170 2437 _
189441481137412 -85 4818505410 1424984240.1170 2437 UofM_Guest_
47491460548 -86 4818505413 1424984240.1170 2462 UofM_Guest_
47491959240 -86 4822052693 1424984240.1170 2437 eduroam_
47491959236 -82 4818505386 1424984240.1170 2437 UofM_Guest_
189441481137408 -85 4818505407 1424984240.1170 2437 UofM_
47493331331 -76 4822052700 1424984240.1170 5180 UofM_Secure_
47493331329 -75 4822052696 1424984240.1170 5180 UofM_
47491268873 -71 4822052745 1424984240.1170 5785 eduroam_
47491268867 -73 4822052739 1424984240.1170 5785 UofM_Secure_
211938385015607 -85 4822052679 1424984240.1170 2437 HS-HOME-NET_
211938385015055 -83 4822052675 1424984240.1170 2437 viro-geni-1_
47491268865 -69 4822052735 1424984240.1170 5785 UofM_
47491268869 -72 4822052742 1424984240.1170 5785 UofM_Guest_
47492007881 -71 4822052723 1424984240.1170 5220 eduroam_
47492007875 -71 4822052714 1424984240.1170 5220 UofM_Secure_
47493331337 -77 4822052707 1424984240.1170 5180 eduroam_
162797488891937 -79 4822052732 1424984240.1170 5765 Linksys19141_5GHz_
47492007878 -66 4822052659 1424984240.1170 2412 _
47492007879 -71 4822052727 1424984240.1170 5220 _
47492007873 -72 4822052710 1424984240.1170 5220 UofM_
47492007877 -72 4822052719 1424984240.1170 5220 UofM_Guest_
47493331333 -77 4822052703 1424984240.1170 5180 UofM_Guest_
211938385015619 -73 4822052672 1424984240.1170 2437 viro2_
