47491959240 -65 3889163201 1424983307.2230 2437 eduroam_
47491959232 -66 3889163207 1424983307.2230 2437 UofM_
47491959236 -66 3889163195 1424983307.2230 2437 UofM_Guest_
47491959238 -65 3889163198 1424983307.2230 2437 _
47491959235 -71 3889163192 1424983307.2230 5180 UofM_Secure_
47491959241 -72 3889163220 1424983307.2230 5180 eduroam_
47491959237 -71 3889163217 1424983307.2230 5180 UofM_Guest_
47491959233 -71 3889163214 1424983307.2230 5180 UofM_
9608971665516 -79 3889163173 1424983307.2230 2412 UNITE-C06C_
189441478786248 -85 3889163176 1424983307.2230 2412 eduroam_
47491463112 -81 3889163186 1424983307.2230 2412 eduroam_
114896623892006 -85 3889163204 1424983307.2230 2437 NAO_
47491463104 -79 3885627458 1424983307.2230 2412 UofM_
189441478786244 -83 3885627442 1424983307.2230 2412 UofM_Guest_
189441478786246 -87 3885627447 1424983307.2230 2412 _
47491463106 -80 3889163189 1424983307.2230 2412 UofM_Secure_
47491463110 -82 3889163183 1424983307.2230 2412 _
47491463108 -84 3889163179 1424983307.2230 2412 UofM_Guest_
47494398596 -85 3889163210 1424983307.2230 2462 UofM_Guest_
