162797488891936 -83 3841370486 1424983259.4350 2437 viro-geni-2_
47492007880 -69 3841370428 1424983259.4350 2412 eduroam_
47492007876 -67 3841370416 1424983259.4350 2412 UofM_Guest_
47492007872 -68 3841370411 1424983259.4350 2412 UofM_
47492007874 -80 3836942462 1424983259.4350 2412 UofM_Secure_
47491268872 -81 3836942503 1424983259.4350 2462 eduroam_
47492007878 -66 3841370421 1424983259.4350 2412 _
47491268864 -78 3836942499 1424983259.4350 2462 UofM_
47491268867 -67 3841370453 1424983259.4350 5785 UofM_Secure_
47491268873 -68 3841370540 1424983259.4350 5785 eduroam_
47491268865 -69 3841370523 1424983259.4350 5785 UofM_
47491268869 -67 3841370533 1424983259.4350 5785 UofM_Guest_
47491268870 -78 3836942509 1424983259.4350 2462 _
47492007875 -73 3841370498 1424983259.4350 5220 UofM_Secure_
47492007881 -75 3841370515 1424983259.4350 5220 eduroam_
47491473992 -83 3836942490 1424983259.4350 2437 eduroam_
47492007873 -73 3841370492 1424983259.4350 5220 UofM_
47492007877 -74 3841370506 1424983259.4350 5220 UofM_Guest_
47492007879 -77 3836942533 1424983259.4350 5220 _
47491473988 -81 3836942483 1424983259.4350 2437 UofM_Guest_
47491473990 -86 3836942487 1424983259.4350 2437 _
47491473984 -86 3836942479 1424983259.4350 2437 UofM_
84207466584968 -81 3841370447 1424983259.4350 2412 eduroam_
47491959240 -85 3841370480 1424983259.4350 2437 eduroam_
84207466584964 -82 3841370435 1424983259.4350 2412 UofM_Guest_
47491959232 -83 3841370459 1424983259.4350 2437 UofM_
47491959236 -84 3841370466 1424983259.4350 2437 UofM_Guest_
84207466584966 -87 3841370442 1424983259.4350 2412 _
47491959238 -87 3841370473 1424983259.4350 2437 _
