114896623892006 -83 4350425313 1424983768.4870 2437 NAO_
47491959236 -56 4350425309 1424983768.4870 2437 UofM_Guest_
47491959240 -57 4350425305 1424983768.4870 2437 eduroam_
47491959238 -55 4350425300 1424983768.4870 2437 _
47491959235 -60 4350425333 1424983768.4870 5180 UofM_Secure_
47491959241 -60 4350425343 1424983768.4870 5180 eduroam_
47491959233 -60 4350425328 1424983768.4870 5180 UofM_
47491959237 -62 4350425339 1424983768.4870 5180 UofM_Guest_
47491959232 -56 4350425296 1424983768.4870 2437 UofM_
47491959234 -46 4350425324 1424983768.4870 2437 UofM_Secure_
9608971665516 -78 4350425280 1424983768.4870 2412 UNITE-C06C_
47491959239 -60 4350425348 1424983768.4870 5180 _
47491463108 -85 4350425284 1424983768.4870 2412 UofM_Guest_
47494398600 -84 4346697076 1424983768.4870 2462 eduroam_
47494398592 -83 4346697073 1424983768.4870 2462 UofM_
47491268873 -74 4350425367 1424983768.4870 5785 eduroam_
47491268867 -77 4350425357 1424983768.4870 5785 UofM_Secure_
189441478786248 -81 4350425291 1424983768.4870 2412 eduroam_
189441481137416 -86 4350425319 1424983768.4870 2437 eduroam_
47491268865 -74 4350425353 1424983768.4870 5785 UofM_
47491268869 -76 4350425362 1424983768.4870 5785 UofM_Guest_
189441478786240 -80 4350425288 1424983768.4870 2412 UofM_
