47491959240 -69 3882043283 1424983300.1040 2437 eduroam_
47491959232 -69 3882043273 1424983300.1040 2437 UofM_
47491959236 -68 3882043276 1424983300.1040 2437 UofM_Guest_
47491959238 -66 3882043280 1424983300.1040 2437 _
47491959235 -75 3882043255 1424983300.1040 5180 UofM_Secure_
47491959241 -78 3882043294 1424983300.1040 5180 eduroam_
47491959237 -78 3882043291 1424983300.1040 5180 UofM_Guest_
47491959233 -78 3882043287 1424983300.1040 5180 UofM_
47491959234 -68 3878435212 1424983300.1040 2437 UofM_Secure_
9608971665516 -86 3882043240 1424983300.1040 2412 UNITE-C06C_
47494398601 -76 3878435290 1424983300.1040 5805 eduroam_
47494398595 -76 3878435280 1424983300.1040 5805 UofM_Secure_
47494398594 -81 3878435239 1424983300.1040 2462 UofM_Secure_
47494398600 -83 3878435253 1424983300.1040 2462 eduroam_
47491959239 -75 3878435272 1424983300.1040 5180 _
47494398597 -75 3878435285 1424983300.1040 5805 UofM_Guest_
47494398593 -76 3878435275 1424983300.1040 5805 UofM_
47494398596 -82 3878435242 1424983300.1040 2462 UofM_Guest_
47494398598 -83 3878435247 1424983300.1040 2462 _
47494398592 -83 3878435234 1424983300.1040 2462 UofM_
189441478786242 -74 3882043247 1424983300.1040 2412 UofM_Secure_
47491272008 -82 3882043269 1424983300.1040 2437 eduroam_
189441478786248 -83 3882043251 1424983300.1040 2412 eduroam_
189441478786240 -81 3882043244 1424983300.1040 2412 UofM_
47491272004 -82 3882043262 1424983300.1040 2437 UofM_Guest_
47491272000 -83 3882043258 1424983300.1040 2437 UofM_
47491272006 -83 3882043265 1424983300.1040 2437 _
