47491959240 -78 3914336172 1424983346.2700 2437 eduroam_
47491959232 -80 3914336200 1424983346.2700 2437 UofM_
47491959236 -80 3914336203 1424983346.2700 2437 UofM_Guest_
47491959238 -81 3914336207 1424983346.2700 2437 _
47491959235 -84 3914336211 1424983346.2700 5180 UofM_Secure_
114896623892006 -77 3916939524 1424983346.2700 2437 NAO_
84207466584962 -73 3916939508 1424983346.2700 2412 UofM_Secure_
84207466584968 -74 3916939516 1424983346.2700 2412 eduroam_
189441481137416 -80 3914336197 1424983346.2700 2437 eduroam_
84207466584960 -73 3916939504 1424983346.2700 2412 UofM_
84207466584964 -78 3916939512 1424983346.2700 2412 UofM_Guest_
84207466584966 -78 3916574975 1424983346.2700 2412 _
189441481137414 -83 3916939532 1424983346.2700 2437 _
47491268867 -66 3928206255 1424983346.2700 5785 UofM_Secure_
47491268873 -66 3928206269 1424983346.2700 5785 eduroam_
47493331331 -82 3914336218 1424983346.2700 5180 UofM_Secure_
47493331337 -82 3914336226 1424983346.2700 5180 eduroam_
189441481137410 -78 3914336186 1424983346.2700 2437 UofM_Secure_
162797488891936 -79 3916939520 1424983346.2700 2437 viro-geni-2_
47491268869 -66 3928206260 1424983346.2700 5785 UofM_Guest_
47491268865 -67 3928206250 1424983346.2700 5785 UofM_
47491268871 -79 3914336244 1424983346.2700 5785 _
47493331329 -80 3914336215 1424983346.2700 5180 UofM_
47493331335 -82 3914336222 1424983346.2700 5180 _
189441481137408 -80 3914336182 1424983346.2700 2437 UofM_
189441481137412 -84 3916939528 1424983346.2700 2437 UofM_Guest_
47492007874 -74 3928206205 1424983346.2700 2412 UofM_Secure_
47492007880 -83 3928206215 1424983346.2700 2412 eduroam_
47492007876 -79 3928206208 1424983346.2700 2412 UofM_Guest_
47492007872 -79 3928206201 1424983346.2700 2412 UofM_
47492007878 -82 3928206211 1424983346.2700 2412 _
47491268866 -70 3928206242 1424983346.2700 2462 UofM_Secure_
47491268872 -75 3928206237 1424983346.2700 2462 eduroam_
47491473992 -82 3928206225 1424983346.2700 2437 eduroam_
47491268864 -70 3928206229 1424983346.2700 2462 UofM_
47491268868 -73 3928206233 1424983346.2700 2462 UofM_Guest_
47491268870 -75 3928206246 1424983346.2700 2462 _
47491473988 -80 3928206221 1424983346.2700 2437 UofM_Guest_
47491473984 -80 3928206218 1424983346.2700 2437 UofM_
