114896623892006 -70 4373011311 1424983791.0750 2437 NAO_
47491959240 -68 4369298240 1424983791.0750 2437 eduroam_
47491959238 -68 4369298232 1424983791.0750 2437 _
47491959241 -79 4369298341 1424983791.0750 5180 eduroam_
47491959233 -79 4369298332 1424983791.0750 5180 UofM_
47491959237 -81 4369298337 1424983791.0750 5180 UofM_Guest_
47491959232 -77 4373011300 1424983791.0750 2437 UofM_
47491959234 -78 4373011222 1424983791.0750 2437 UofM_Secure_
189441481137416 -83 4373011358 1424983791.0750 2437 eduroam_
189441481137412 -81 4373011338 1424983791.0750 2437 UofM_Guest_
189441481137414 -83 4373011348 1424983791.0750 2437 _
47491460544 -72 4369298327 1424983791.0750 2462 UofM_
189441481137408 -80 4373011320 1424983791.0750 2437 UofM_
189441478786244 -75 4369298200 1424983791.0750 2412 UofM_Guest_
189441481137410 -78 4373011329 1424983791.0750 2437 UofM_Secure_
189441478786248 -75 4369298205 1424983791.0750 2412 eduroam_
84207466584962 -71 4373011238 1424983791.0750 2412 UofM_Secure_
162797488891936 -78 4369298217 1424983791.0750 2437 viro-geni-2_
47493331330 -78 4369298312 1424983791.0750 2462 UofM_Secure_
47492007880 -83 4373011291 1424983791.0750 2412 eduroam_
84207466584968 -69 4373011262 1424983791.0750 2412 eduroam_
211938385015055 -85 4369298279 1424983791.0750 2437 viro-geni-1_
47492007878 -83 4373011285 1424983791.0750 2412 _
84207466584966 -75 4373011254 1424983791.0750 2412 _
47493331332 -83 4373011375 1424983791.0750 2462 UofM_Guest_
84207466584964 -71 4373011245 1424983791.0750 2412 UofM_Guest_
84207466584960 -70 4373011230 1424983791.0750 2412 UofM_
47493331328 -84 4373011367 1424983791.0750 2462 UofM_
211938385015619 -84 4369298287 1424983791.0750 2437 viro2_
47491268873 -77 4373011484 1424983791.0750 5785 eduroam_
47491268867 -78 4373011472 1424983791.0750 5785 UofM_Secure_
47492007881 -79 4373011451 1424983791.0750 5220 eduroam_
47492007875 -80 4373011444 1424983791.0750 5220 UofM_Secure_
47491268865 -77 4373011466 1424983791.0750 5785 UofM_
47491268869 -78 4373011477 1424983791.0750 5785 UofM_Guest_
47492007873 -79 4373011436 1424983791.0750 5220 UofM_
47492007877 -79 4373011458 1424983791.0750 5220 UofM_Guest_
47493331329 -82 4373011416 1424983791.0750 5180 UofM_
47493331333 -82 4373011427 1424983791.0750 5180 UofM_Guest_
47491268870 -84 4373011404 1424983791.0750 2462 _
47491268864 -85 4373011385 1424983791.0750 2462 UofM_
47491268868 -86 4373011395 1424983791.0750 2462 UofM_Guest_
