47491272321 -75 4153567707 1424983578.0950 5745 UofM_
47491272326 -84 4159986231 1424983578.0950 2412 _
47491272320 -82 4159986217 1424983578.0950 2412 UofM_
47491272324 -89 4159986223 1424983578.0950 2412 UofM_Guest_
189441481136068 -84 4156735441 1424983578.0950 2437 UofM_Guest_
189441481136072 -81 4159986243 1424983578.0950 2437 eduroam_
189441481136070 -85 4156735444 1424983578.0950 2437 _
189441481136064 -84 4156735431 1424983578.0950 2437 UofM_
47491272328 -86 4159986238 1424983578.0950 2412 eduroam_
189441481136066 -77 4156735436 1424983578.0950 2437 UofM_Secure_
47491268872 -82 4159986301 1424983578.0950 2462 eduroam_
47494398600 -82 4159986306 1424983578.0950 2462 eduroam_
47491268868 -80 4159986285 1424983578.0950 2462 UofM_Guest_
47491268864 -81 4159986270 1424983578.0950 2462 UofM_
47494398598 -83 4159986262 1424983578.0950 2462 _
47494398592 -77 4159986248 1424983578.0950 2462 UofM_
47494398596 -78 4159986255 1424983578.0950 2462 UofM_Guest_
47491268870 -81 4159986294 1424983578.0950 2462 _
47491268873 -72 4159986347 1424983578.0950 5785 eduroam_
47491268867 -73 4159986322 1424983578.0950 5785 UofM_Secure_
47491268866 -80 4159986276 1424983578.0950 2462 UofM_Secure_
47491268865 -73 4159986311 1424983578.0950 5785 UofM_
47491268869 -75 4159986336 1424983578.0950 5785 UofM_Guest_
47491268871 -76 4159986356 1424983578.0950 5785 _
