47491272324 -73 4481150745 1424983901.0100 2412 UofM_Guest_
189441481136066 -73 4477509186 1424983901.0100 2437 UofM_Secure_
47491272328 -70 4481150752 1424983901.0100 2412 eduroam_
47491272320 -70 4481150742 1424983901.0100 2412 UofM_
47491272326 -70 4481150749 1424983901.0100 2412 _
47491272323 -77 4481150789 1424983901.0100 5745 UofM_Secure_
47491272329 -79 4481150799 1424983901.0100 5745 eduroam_
47491272325 -78 4481150792 1424983901.0100 5745 UofM_Guest_
47491272321 -76 4481150785 1424983901.0100 5745 UofM_
47491271497 -63 4482841315 1424983901.0100 5220 eduroam_
47491271491 -63 4482841304 1424983901.0100 5220 UofM_Secure_
47491272327 -77 4481150795 1424983901.0100 5745 _
47491271489 -61 4482841299 1424983901.0100 5220 UofM_
47491271493 -63 4482841310 1424983901.0100 5220 UofM_Guest_
47491271488 -74 4482508691 1424983901.0100 2437 UofM_
47491271496 -77 4482508696 1424983901.0100 2437 eduroam_
47491271492 -74 4482508722 1424983901.0100 2437 UofM_Guest_
47491271494 -78 4482508730 1424983901.0100 2437 _
47491271490 -73 4481150759 1424983901.0100 2437 UofM_Secure_
47491271495 -67 4482841320 1424983901.0100 5220 _
189441478940484 -82 4482508682 1424983901.0100 2412 UofM_Guest_
47491268864 -88 4482508736 1424983901.0100 2462 UofM_
