47491272328 -72 4047410776 1424983469.1430 2412 eduroam_
47491272324 -83 4051082770 1424983469.1430 2412 UofM_Guest_
47491272320 -68 4047410765 1424983469.1430 2412 UofM_
47491272326 -71 4047410772 1424983469.1430 2412 _
47491272329 -74 4051082835 1424983469.1430 5745 eduroam_
47491272323 -74 4051082823 1424983469.1430 5745 UofM_Secure_
47491272325 -73 4051082826 1424983469.1430 5745 UofM_Guest_
47491272321 -72 4051082819 1424983469.1430 5745 UofM_
47491271490 -75 4051082808 1424983469.1430 2437 UofM_Secure_
47491271496 -80 4047410797 1424983469.1430 2437 eduroam_
47491271492 -80 4051082812 1424983469.1430 2437 UofM_Guest_
47491271488 -81 4051082805 1424983469.1430 2437 UofM_
47491271494 -81 4051082816 1424983469.1430 2437 _
189441481136067 -75 4047410834 1424983469.1430 5765 UofM_Secure_
189441481136073 -75 4047410829 1424983469.1430 5765 eduroam_
189441481136072 -81 4051082801 1424983469.1430 2437 eduroam_
189441481136065 -71 4047410820 1424983469.1430 5765 UofM_
189441481136071 -72 4047410840 1424983469.1430 5765 _
189441481136069 -73 4047410825 1424983469.1430 5765 UofM_Guest_
189441481136064 -75 4051082790 1424983469.1430 2437 UofM_
47491272327 -75 4051082830 1424983469.1430 5745 _
189441481136070 -71 4051082798 1424983469.1430 2437 _
189441481136068 -76 4051082794 1424983469.1430 2437 UofM_Guest_
