47492007880 -85 3848401756 1424983266.4600 2412 eduroam_
47492007876 -76 3844899279 1424983266.4600 2412 UofM_Guest_
47492007872 -77 3844899271 1424983266.4600 2412 UofM_
47492007874 -74 3844899275 1424983266.4600 2412 UofM_Secure_
47492007878 -82 3848401753 1424983266.4600 2412 _
47491268867 -74 3844899300 1424983266.4600 5785 UofM_Secure_
47491268873 -76 3844899318 1424983266.4600 5785 eduroam_
47491268865 -76 3844899307 1424983266.4600 5785 UofM_
47491268869 -76 3844899311 1424983266.4600 5785 UofM_Guest_
47491959240 -86 3848401772 1424983266.4600 2437 eduroam_
84207466584964 -79 3848401762 1424983266.4600 2412 UofM_Guest_
47491959232 -78 3848401775 1424983266.4600 2437 UofM_
47491959236 -79 3848401778 1424983266.4600 2437 UofM_Guest_
84207466584966 -76 3848401764 1424983266.4600 2412 _
47491959238 -81 3848401781 1424983266.4600 2437 _
114896623892006 -74 3848401784 1424983266.4600 2437 NAO_
47491268871 -79 3844899315 1424983266.4600 5785 _
189441481137414 -81 3844899296 1424983266.4600 2437 _
47491268868 -87 3844899304 1424983266.4600 2462 UofM_Guest_
211938385015619 -90 3844899289 1424983266.4600 2437 viro2_
189441481137416 -82 3848401768 1424983266.4600 2437 eduroam_
84207466584960 -79 3848401758 1424983266.4600 2412 UofM_
