189441481136070 -59 4010528208 1424983428.5880 2437 _
189441481136072 -61 4010528211 1424983428.5880 2437 eduroam_
189441481136064 -60 4010528197 1424983428.5880 2437 UofM_
189441481136067 -61 4010528193 1424983428.5880 5765 UofM_Secure_
189441481136073 -63 4010528246 1424983428.5880 5765 eduroam_
189441481136065 -61 4010528238 1424983428.5880 5765 UofM_
189441481136069 -66 4010528242 1424983428.5880 5765 UofM_Guest_
189441481136071 -71 4010528250 1424983428.5880 5765 _
189441481136068 -59 4010528204 1424983428.5880 2437 UofM_Guest_
47491272328 -66 4010528190 1424983428.5880 2412 eduroam_
47491272324 -63 4010528182 1424983428.5880 2412 UofM_Guest_
47491272320 -63 4010528179 1424983428.5880 2412 UofM_
47491272326 -65 4010528186 1424983428.5880 2412 _
47491268873 -73 4006998123 1424983428.5880 5785 eduroam_
47491268867 -74 4006998109 1424983428.5880 5785 UofM_Secure_
47491268869 -73 4006998116 1424983428.5880 5785 UofM_Guest_
47491268865 -76 4006998102 1424983428.5880 5785 UofM_
47491272329 -52 4010528233 1424983428.5880 5745 eduroam_
47491272323 -54 4010528223 1424983428.5880 5745 UofM_Secure_
189441481136066 -58 4010528201 1424983428.5880 2437 UofM_Secure_
47491272325 -52 4010528228 1424983428.5880 5745 UofM_Guest_
47491272321 -56 4010528218 1424983428.5880 5745 UofM_
47491268864 -84 4010528215 1424983428.5880 2462 UofM_
