189441481136070 -70 4025087529 1424983446.6950 2437 _
189441481136072 -68 4025087533 1424983446.6950 2437 eduroam_
189441481136064 -71 4025087540 1424983446.6950 2437 UofM_
189441481136067 -71 4025087537 1424983446.6950 5765 UofM_Secure_
189441481136073 -79 4025087584 1424983446.6950 5765 eduroam_
189441481136065 -79 4025087577 1424983446.6950 5765 UofM_
189441481136068 -75 4025087525 1424983446.6950 2437 UofM_Guest_
47491272328 -87 4028630111 1424983446.6950 2412 eduroam_
47491272324 -85 4028630107 1424983446.6950 2412 UofM_Guest_
47491272320 -88 4028630103 1424983446.6950 2412 UofM_
47491272326 -58 4025087518 1424983446.6950 2412 _
47491272329 -74 4028630166 1424983446.6950 5745 eduroam_
47491272323 -72 4028630157 1424983446.6950 5745 UofM_Secure_
47491272325 -73 4028630162 1424983446.6950 5745 UofM_Guest_
47491272321 -72 4028630153 1424983446.6950 5745 UofM_
47491272322 -59 4025087509 1424983446.6950 2412 UofM_Secure_
47491272327 -72 4028630170 1424983446.6950 5745 _
47491271497 -73 4028630149 1424983446.6950 5220 eduroam_
47491271491 -73 4028630141 1424983446.6950 5220 UofM_Secure_
47491271495 -77 4025087560 1424983446.6950 5220 _
189441481136071 -78 4025087581 1424983446.6950 5765 _
47491271489 -72 4028630136 1424983446.6950 5220 UofM_
47491271493 -71 4028630145 1424983446.6950 5220 UofM_Guest_
47491271490 -75 4028630119 1424983446.6950 2437 UofM_Secure_
47491271496 -78 4028630132 1424983446.6950 2437 eduroam_
47491271492 -74 4028630124 1424983446.6950 2437 UofM_Guest_
47491271488 -75 4028630115 1424983446.6950 2437 UofM_
47491271494 -78 4028630128 1424983446.6950 2437 _
