47491959234 -79 4384095757 1424983802.1570 2437 UofM_Secure_
162797488891936 -75 4380530740 1424983802.1570 2437 viro-geni-2_
47492007880 -76 4384095721 1424983802.1570 2412 eduroam_
84207466584968 -84 4380530716 1424983802.1570 2412 eduroam_
47492007878 -75 4384095713 1424983802.1570 2412 _
211938385015619 -87 4380530744 1424983802.1570 2437 viro2_
47491268873 -66 4384095806 1424983802.1570 5785 eduroam_
47491268867 -69 4384095797 1424983802.1570 5785 UofM_Secure_
47492007881 -71 4380530758 1424983802.1570 5220 eduroam_
47492007875 -79 4384095782 1424983802.1570 5220 UofM_Secure_
47491268865 -66 4384095792 1424983802.1570 5785 UofM_
47491268869 -68 4384095801 1424983802.1570 5785 UofM_Guest_
47492007873 -80 4384095786 1424983802.1570 5220 UofM_
47492007877 -73 4380530755 1424983802.1570 5220 UofM_Guest_
47491268870 -67 4384095778 1424983802.1570 2462 _
47491268864 -65 4384095763 1424983802.1570 2462 UofM_
47491268868 -68 4384095772 1424983802.1570 2462 UofM_Guest_
47492007876 -69 4380530686 1424983802.1570 2412 UofM_Guest_
47492007872 -69 4380530674 1424983802.1570 2412 UofM_
47492007874 -66 4380530679 1424983802.1570 2412 UofM_Secure_
47491959240 -83 4380530735 1424983802.1570 2437 eduroam_
211938385015055 -84 4380530720 1424983802.1570 2437 viro-geni-1_
2297084420154 -84 4380530704 1424983802.1570 2412 DIRECT-_
47491959236 -79 4384095744 1424983802.1570 2437 UofM_Guest_
47491959238 -83 4380530729 1424983802.1570 2437 _
47491268866 -66 4384095768 1424983802.1570 2462 UofM_Secure_
47491268872 -68 4384095752 1424983802.1570 2462 eduroam_
9354243434178 -78 4384095727 1424983802.1570 2437 UofM_Secure_
47491473984 -76 4384095748 1424983802.1570 2437 UofM_
47491959232 -81 4384095739 1424983802.1570 2437 UofM_
9354243434180 -82 4384095733 1424983802.1570 2437 UofM_Guest_
