47491272324 -83 4051082770 1424983472.8020 2412 UofM_Guest_
47491272329 -74 4051082835 1424983472.8020 5745 eduroam_
47491272323 -74 4051082823 1424983472.8020 5745 UofM_Secure_
47491272325 -73 4051082826 1424983472.8020 5745 UofM_Guest_
47491272321 -72 4051082819 1424983472.8020 5745 UofM_
47491271490 -74 4054744129 1424983472.8020 2437 UofM_Secure_
47491271492 -80 4051082812 1424983472.8020 2437 UofM_Guest_
47491271488 -81 4051082805 1424983472.8020 2437 UofM_
47491271494 -81 4051082816 1424983472.8020 2437 _
189441481136072 -81 4051082801 1424983472.8020 2437 eduroam_
189441481136064 -75 4051082790 1424983472.8020 2437 UofM_
47491272327 -75 4051082830 1424983472.8020 5745 _
189441481136070 -71 4051082798 1424983472.8020 2437 _
189441481136068 -76 4051082794 1424983472.8020 2437 UofM_Guest_
