114896623892006 -79 4342976975 1424983764.7550 2437 NAO_
47491959236 -56 4346697063 1424983764.7550 2437 UofM_Guest_
47491959240 -56 4346697069 1424983764.7550 2437 eduroam_
47491959238 -55 4346697066 1424983764.7550 2437 _
47491959235 -63 4346697083 1424983764.7550 5180 UofM_Secure_
47491959241 -63 4346697090 1424983764.7550 5180 eduroam_
47491959233 -65 4346697080 1424983764.7550 5180 UofM_
47491959237 -62 4346697086 1424983764.7550 5180 UofM_Guest_
47491959232 -54 4346697059 1424983764.7550 2437 UofM_
47491959234 -56 4346697056 1424983764.7550 2437 UofM_Secure_
9608971665516 -77 4346697053 1424983764.7550 2412 UNITE-C06C_
47491959239 -65 4346697093 1424983764.7550 5180 _
47491463108 -74 4342976943 1424983764.7550 2412 UofM_Guest_
47494398600 -84 4346697076 1424983764.7550 2462 eduroam_
47491463106 -82 4342976936 1424983764.7550 2412 UofM_Secure_
47491463112 -76 4342976953 1424983764.7550 2412 eduroam_
47494398592 -83 4346697073 1424983764.7550 2462 UofM_
47491463104 -74 4342976930 1424983764.7550 2412 UofM_
47491463110 -76 4342976948 1424983764.7550 2412 _
