47491272326 -85 4581844464 1424984000.3940 2412 _
189441481136065 -79 4581844533 1424984000.3940 5765 UofM_
47491272320 -82 4582032642 1424984000.3940 2412 UofM_
47491268866 -77 4581844528 1424984000.3940 2462 UofM_Secure_
47491268872 -80 4581844509 1424984000.3940 2462 eduroam_
47494398600 -83 4581844523 1424984000.3940 2462 eduroam_
47491268868 -77 4581844498 1424984000.3940 2462 UofM_Guest_
47491268864 -79 4581844494 1424984000.3940 2462 UofM_
47491268870 -79 4581844504 1424984000.3940 2462 _
189441481136068 -83 4581844469 1424984000.3940 2437 UofM_Guest_
189441481136072 -82 4581844474 1424984000.3940 2437 eduroam_
47491268867 -69 4582334700 1424984000.3940 5785 UofM_Secure_
47491268873 -70 4582334709 1424984000.3940 5785 eduroam_
189441481136067 -81 4581844538 1424984000.3940 5765 UofM_Secure_
47491268865 -69 4582334696 1424984000.3940 5785 UofM_
47491268869 -65 4582334704 1424984000.3940 5785 UofM_Guest_
189441481136069 -81 4581844541 1424984000.3940 5765 UofM_Guest_
47491272324 -85 4581844460 1424984000.3940 2412 UofM_Guest_
47491271496 -81 4582334749 1424984000.3940 2437 eduroam_
189441481136071 -80 4581844546 1424984000.3940 5765 _
47494398596 -79 4581844514 1424984000.3940 2462 UofM_Guest_
47494398598 -84 4581844518 1424984000.3940 2462 _
47491271492 -80 4582334741 1424984000.3940 2437 UofM_Guest_
47491271488 -77 4582334734 1424984000.3940 2437 UofM_
47491463110 -84 4582032637 1424984000.3940 2412 _
47491463108 -82 4582334718 1424984000.3940 2412 UofM_Guest_
47491271490 -79 4582334737 1424984000.3940 2437 UofM_Secure_
47491959234 -81 4582334754 1424984000.3940 2437 UofM_Secure_
47491463112 -85 4582334724 1424984000.3940 2412 eduroam_
47491268871 -64 4582334714 1424984000.3940 5785 _
47491271494 -78 4582334744 1424984000.3940 2437 _
47491463104 -84 4582334721 1424984000.3940 2412 UofM_
47491959236 -86 4582334759 1424984000.3940 2437 UofM_Guest_
47491473988 -87 4582334731 1424984000.3940 2437 UofM_Guest_
47491473984 -91 4582334727 1424984000.3940 2437 UofM_
