47491268867 -45 3957911136 1424983375.9730 5785 UofM_Secure_
47491268873 -44 3957911146 1424983375.9730 5785 eduroam_
47491268869 -43 3957911141 1424983375.9730 5785 UofM_Guest_
47491268865 -43 3957911131 1424983375.9730 5785 UofM_
47492007874 -77 3954323225 1424983375.9730 2412 UofM_Secure_
47492007880 -83 3957911039 1424983375.9730 2412 eduroam_
47492007878 -85 3957911034 1424983375.9730 2412 _
47491268872 -56 3957911093 1424983375.9730 2462 eduroam_
47491268864 -71 3957911080 1424983375.9730 2462 UofM_
47491268868 -54 3957911084 1424983375.9730 2462 UofM_Guest_
47491268870 -57 3957911088 1424983375.9730 2462 _
47491473992 -80 3954323240 1424983375.9730 2437 eduroam_
47491473984 -80 3954323228 1424983375.9730 2437 UofM_
47491473988 -81 3954323236 1424983375.9730 2437 UofM_Guest_
47491959241 -75 3957911123 1424983375.9730 5180 eduroam_
47491959235 -75 3957911105 1424983375.9730 5180 UofM_Secure_
47491959240 -74 3957911074 1424983375.9730 2437 eduroam_
47491271496 -83 3957911060 1424983375.9730 2437 eduroam_
47491959233 -74 3957911098 1424983375.9730 5180 UofM_
47491959237 -75 3957911114 1424983375.9730 5180 UofM_Guest_
47491959232 -73 3957911045 1424983375.9730 2437 UofM_
47491959238 -74 3957911067 1424983375.9730 2437 _
47492007876 -82 3957911028 1424983375.9730 2412 UofM_Guest_
47491271488 -83 3957911052 1424983375.9730 2437 UofM_
47492007872 -84 3957911022 1424983375.9730 2412 UofM_
