47491268867 -70 3931849700 1424983349.9080 5785 UofM_Secure_
47491268873 -70 3931849708 1424983349.9080 5785 eduroam_
47491268869 -70 3931849705 1424983349.9080 5785 UofM_Guest_
47491268865 -71 3931849697 1424983349.9080 5785 UofM_
47492007874 -77 3931849693 1424983349.9080 2412 UofM_Secure_
47492007880 -83 3928206215 1424983349.9080 2412 eduroam_
47492007876 -79 3928206208 1424983349.9080 2412 UofM_Guest_
47492007872 -79 3928206201 1424983349.9080 2412 UofM_
47492007878 -82 3928206211 1424983349.9080 2412 _
47491268866 -70 3928206242 1424983349.9080 2462 UofM_Secure_
47491268872 -68 3931849689 1424983349.9080 2462 eduroam_
47491473992 -82 3928206225 1424983349.9080 2437 eduroam_
47491268864 -66 3931849678 1424983349.9080 2462 UofM_
47491268868 -67 3931849682 1424983349.9080 2462 UofM_Guest_
47491268870 -68 3931849685 1424983349.9080 2462 _
47491473988 -80 3928206221 1424983349.9080 2437 UofM_Guest_
47491473984 -80 3931849674 1424983349.9080 2437 UofM_
9354243434176 -83 3931849671 1424983349.9080 2437 UofM_
