47491272323 -80 4115249708 1424983533.3520 5745 UofM_Secure_
47491268865 -80 4111905204 1424983533.3520 5785 UofM_
47491272329 -78 4115249718 1424983533.3520 5745 eduroam_
47491268866 -82 4111905172 1424983533.3520 2462 UofM_Secure_
47491271490 -82 4111905142 1424983533.3520 2437 UofM_Secure_
47494398600 -83 4111905168 1424983533.3520 2462 eduroam_
47491271496 -86 4115249698 1424983533.3520 2437 eduroam_
47491268872 -84 4111905182 1424983533.3520 2462 eduroam_
47491272321 -78 4115249703 1424983533.3520 5745 UofM_
47491272325 -78 4115249713 1424983533.3520 5745 UofM_Guest_
47491268864 -78 4111905154 1424983533.3520 2462 UofM_
47491268868 -78 4111905175 1424983533.3520 2462 UofM_Guest_
47491268870 -82 4111905179 1424983533.3520 2462 _
47491271492 -83 4111905146 1424983533.3520 2437 UofM_Guest_
47491271488 -83 4111905137 1424983533.3520 2437 UofM_
47491271494 -84 4111905150 1424983533.3520 2437 _
47494398592 -85 4111905157 1424983533.3520 2462 UofM_
47494398598 -85 4111905164 1424983533.3520 2462 _
47494398596 -85 4111905161 1424983533.3520 2462 UofM_Guest_
47491272326 -86 4111905121 1424983533.3520 2412 _
47491272320 -84 4115249687 1424983533.3520 2412 UofM_
47489366212 -87 4111905126 1424983533.3520 2412 UofM_Guest_
47491272324 -88 4111905116 1424983533.3520 2412 UofM_Guest_
189441481136070 -80 4115249693 1424983533.3520 2437 _
