47491268870 -79 4432115248 1424983853.7520 2462 _
47491268864 -82 4435684998 1424983853.7520 2462 UofM_
47491268868 -78 4432115241 1424983853.7520 2462 UofM_Guest_
47491268866 -78 4432115235 1424983853.7520 2462 UofM_Secure_
47491268872 -78 4432115254 1424983853.7520 2462 eduroam_
189441481136064 -84 4432115210 1424983853.7520 2437 UofM_
47491959240 -65 4435684984 1424983853.7520 2437 eduroam_
189441481136065 -72 4435685069 1424983853.7520 5765 UofM_
47491463104 -78 4435684949 1424983853.7520 2412 UofM_
189441481136073 -75 4435685085 1424983853.7520 5765 eduroam_
189441481136069 -74 4435685079 1424983853.7520 5765 UofM_Guest_
47494398596 -85 4435685028 1424983853.7520 2462 UofM_Guest_
47494398598 -87 4435685033 1424983853.7520 2462 _
47491463108 -77 4435684960 1424983853.7520 2412 UofM_Guest_
47491959234 -66 4435684988 1424983853.7520 2437 UofM_Secure_
47494398600 -85 4435685039 1424983853.7520 2462 eduroam_
47491463112 -79 4435684964 1424983853.7520 2412 eduroam_
47491959232 -64 4435684974 1424983853.7520 2437 UofM_
47491959236 -65 4435684993 1424983853.7520 2437 UofM_Guest_
47491959235 -75 4435685049 1424983853.7520 5180 UofM_Secure_
189441481136067 -75 4435685073 1424983853.7520 5765 UofM_Secure_
47491959241 -77 4435685059 1424983853.7520 5180 eduroam_
47494398601 -80 4435685112 1424983853.7520 5805 eduroam_
47494398595 -81 4435685098 1424983853.7520 5805 UofM_Secure_
47491463106 -83 4435684955 1424983853.7520 2412 UofM_Secure_
47491959237 -75 4435685054 1424983853.7520 5180 UofM_Guest_
47491959238 -71 4435684979 1424983853.7520 2437 _
47491959233 -76 4435685044 1424983853.7520 5180 UofM_
47491959239 -76 4435685064 1424983853.7520 5180 _
47494398593 -79 4435685091 1424983853.7520 5805 UofM_
47494398597 -79 4435685104 1424983853.7520 5805 UofM_Guest_
47491463110 -80 4435684969 1424983853.7520 2412 _
47494398592 -83 4435685023 1424983853.7520 2462 UofM_
