211938385015607 -85 3833682637 1424983255.1040 2437 HS-HOME-NET_
162797488891936 -85 3836942495 1424983255.1040 2437 viro-geni-2_
211938385015619 -79 3833682640 1424983255.1040 2437 viro2_
47492007880 -83 3836942475 1424983255.1040 2412 eduroam_
47492007876 -85 3836942466 1424983255.1040 2412 UofM_Guest_
47492007872 -82 3836942458 1424983255.1040 2412 UofM_
47492007874 -80 3836942462 1424983255.1040 2412 UofM_Secure_
47491268872 -81 3836942503 1424983255.1040 2462 eduroam_
47492007878 -86 3836942471 1424983255.1040 2412 _
47491268864 -78 3836942499 1424983255.1040 2462 UofM_
47491268868 -71 3833682651 1424983255.1040 2462 UofM_Guest_
47491268867 -66 3836942537 1424983255.1040 5785 UofM_Secure_
47491268873 -66 3836942543 1424983255.1040 5785 eduroam_
47491268866 -83 3833682660 1424983255.1040 2462 UofM_Secure_
47491268865 -64 3836942546 1424983255.1040 5785 UofM_
47491268869 -67 3836942540 1424983255.1040 5785 UofM_Guest_
47491268870 -78 3836942509 1424983255.1040 2462 _
47491328704 -85 3833682643 1424983255.1040 2437 UofM_
47492007875 -74 3836942518 1424983255.1040 5220 UofM_Secure_
47492007881 -75 3836942528 1424983255.1040 5220 eduroam_
47491473992 -83 3836942490 1424983255.1040 2437 eduroam_
47492007873 -74 3836942513 1424983255.1040 5220 UofM_
47492007877 -76 3836942523 1424983255.1040 5220 UofM_Guest_
47492007879 -77 3836942533 1424983255.1040 5220 _
47491473988 -81 3836942483 1424983255.1040 2437 UofM_Guest_
47491473990 -86 3836942487 1424983255.1040 2437 _
47491473984 -86 3836942479 1424983255.1040 2437 UofM_
