114896623892006 -79 4342976975 1424983761.0380 2437 NAO_
47491959236 -67 4342976980 1424983761.0380 2437 UofM_Guest_
47491959240 -67 4342976985 1424983761.0380 2437 eduroam_
47491959238 -65 4342976963 1424983761.0380 2437 _
47491959235 -66 4342976999 1424983761.0380 5180 UofM_Secure_
47491959241 -65 4342977044 1424983761.0380 5180 eduroam_
47491959233 -66 4342976992 1424983761.0380 5180 UofM_
47491959237 -64 4342977038 1424983761.0380 5180 UofM_Guest_
47491959232 -64 4342976958 1424983761.0380 2437 UofM_
47491959234 -56 4342976969 1424983761.0380 2437 UofM_Secure_
9608971665516 -80 4342976925 1424983761.0380 2412 UNITE-C06C_
47491959239 -72 4339141993 1424983761.0380 5180 _
47491463108 -74 4342976943 1424983761.0380 2412 UofM_Guest_
47494398600 -85 4339141954 1424983761.0380 2462 eduroam_
47491463106 -82 4342976936 1424983761.0380 2412 UofM_Secure_
47491463112 -76 4342976953 1424983761.0380 2412 eduroam_
47494398596 -82 4339141948 1424983761.0380 2462 UofM_Guest_
47494398592 -82 4339141941 1424983761.0380 2462 UofM_
47494398598 -84 4339141935 1424983761.0380 2462 _
47491463104 -74 4342976930 1424983761.0380 2412 UofM_
71145876123136 -87 4339141961 1424983761.0380 2462 UofM_
47491463110 -76 4342976948 1424983761.0380 2412 _
