47491272326 -77 4203348894 1424983624.5920 2412 _
47491272324 -76 4203348891 1424983624.5920 2412 UofM_Guest_
189441481136068 -72 4206534105 1424983624.5920 2437 UofM_Guest_
189441481136072 -75 4206534112 1424983624.5920 2437 eduroam_
189441481136070 -72 4206534109 1424983624.5920 2437 _
189441481136064 -69 4206534119 1424983624.5920 2437 UofM_
47491272328 -90 4206534102 1424983624.5920 2412 eduroam_
189441481136067 -74 4206534116 1424983624.5920 5765 UofM_Secure_
189441481136073 -70 4203348926 1424983624.5920 5765 eduroam_
189441481136071 -73 4203348932 1424983624.5920 5765 _
189441481136069 -72 4203348923 1424983624.5920 5765 UofM_Guest_
189441481136065 -73 4203348919 1424983624.5920 5765 UofM_
47491959240 -85 4206534131 1424983624.5920 2437 eduroam_
47491959236 -84 4206534124 1424983624.5920 2437 UofM_Guest_
47491959238 -88 4206534127 1424983624.5920 2437 _
