189441481136064 -61 4466650863 1424983884.7090 2437 UofM_
189441481136065 -69 4466650901 1424983884.7090 5765 UofM_
189441481136073 -69 4466650910 1424983884.7090 5765 eduroam_
189441481136069 -65 4466650907 1424983884.7090 5765 UofM_Guest_
189441481136067 -67 4466650904 1424983884.7090 5765 UofM_Secure_
189441481136072 -61 4466650874 1424983884.7090 2437 eduroam_
189441481136070 -58 4466650870 1424983884.7090 2437 _
189441481136068 -63 4466650866 1424983884.7090 2437 UofM_Guest_
47491272324 -51 4463036149 1424983884.7090 2412 UofM_Guest_
189441481136066 -58 4466650878 1424983884.7090 2437 UofM_Secure_
47491272322 -56 4463036145 1424983884.7090 2412 UofM_Secure_
47491272328 -54 4463036159 1424983884.7090 2412 eduroam_
47491272320 -52 4463036140 1424983884.7090 2412 UofM_
47491272326 -53 4463036154 1424983884.7090 2412 _
47491272323 -45 4466650891 1424983884.7090 5745 UofM_Secure_
47491272329 -49 4466650898 1424983884.7090 5745 eduroam_
47491272325 -48 4466650895 1424983884.7090 5745 UofM_Guest_
47491272321 -48 4466650888 1424983884.7090 5745 UofM_
47491272327 -55 4463036204 1424983884.7090 5745 _
189441481136071 -70 4466650913 1424983884.7090 5765 _
47491268868 -87 4466650885 1424983884.7090 2462 UofM_Guest_
47491268864 -88 4466650881 1424983884.7090 2462 UofM_
