47491269570 -64 3811612416 1424983229.6720 2412 UofM_Secure_
211938385015607 -46 3811612437 1424983229.6720 2437 HS-HOME-NET_
162797488891936 -49 3811612445 1424983229.6720 2437 viro-geni-2_
162797488891937 -60 3811612521 1424983229.6720 5765 Linksys19141_5GHz_
211938385015055 -59 3811612449 1424983229.6720 2437 viro-geni-1_
47491269576 -68 3811612432 1424983229.6720 2412 eduroam_
47491269571 -75 3811612501 1424983229.6720 5220 UofM_Secure_
47491269577 -72 3811612514 1424983229.6720 5220 eduroam_
2297084420154 -70 3811612428 1424983229.6720 2412 DIRECT-_
211938385015619 -42 3811612441 1424983229.6720 2437 viro2_
47491269568 -65 3811612412 1424983229.6720 2412 UofM_
47491269572 -65 3811612422 1424983229.6720 2412 UofM_Guest_
47491269573 -71 3811612505 1424983229.6720 5220 UofM_Guest_
47491269569 -70 3811612497 1424983229.6720 5220 UofM_
47491269574 -62 3748291892 1424983229.6720 2412 _
47493331337 -73 3811612494 1424983229.6720 5180 eduroam_
47493331331 -72 3811612487 1424983229.6720 5180 UofM_Secure_
47493331335 -80 3748292709 1424983229.6720 5180 _
47493331329 -72 3811612483 1424983229.6720 5180 UofM_
47493331333 -73 3811612490 1424983229.6720 5180 UofM_Guest_
47493331330 -78 3748292635 1424983229.6720 2462 UofM_Secure_
47493331336 -74 3811612461 1424983229.6720 2462 eduroam_
47493331328 -74 3811612453 1424983229.6720 2462 UofM_
47493331332 -83 3748292644 1424983229.6720 2462 UofM_Guest_
47493331334 -74 3811612457 1424983229.6720 2462 _
47491268424 -90 3811612478 1424983229.6720 2462 eduroam_
47491269575 -75 3811612510 1424983229.6720 5220 _
47491268416 -86 3811612466 1424983229.6720 2462 UofM_
47491268420 -87 3811612470 1424983229.6720 2462 UofM_Guest_
47491268422 -87 3811612474 1424983229.6720 2462 _
