189441481136064 -66 4473871938 1424983891.9300 2437 UofM_
189441481136065 -71 4473871993 1424983891.9300 5765 UofM_
189441481136073 -71 4473872024 1424983891.9300 5765 eduroam_
189441481136069 -74 4473872019 1424983891.9300 5765 UofM_Guest_
189441481136067 -71 4473871997 1424983891.9300 5765 UofM_Secure_
189441481136072 -68 4473871951 1424983891.9300 2437 eduroam_
189441481136070 -66 4473871947 1424983891.9300 2437 _
189441481136068 -72 4473871942 1424983891.9300 2437 UofM_Guest_
47491272324 -53 4473871917 1424983891.9300 2412 UofM_Guest_
189441481136066 -64 4473871930 1424983891.9300 2437 UofM_Secure_
47491272328 -51 4473871925 1424983891.9300 2412 eduroam_
47491272320 -50 4473871912 1424983891.9300 2412 UofM_
47491272326 -52 4473871921 1424983891.9300 2412 _
47491272323 -54 4473871978 1424983891.9300 5745 UofM_Secure_
47491272329 -55 4473871986 1424983891.9300 5745 eduroam_
47491272325 -54 4473871981 1424983891.9300 5745 UofM_Guest_
47491272321 -53 4473871973 1424983891.9300 5745 UofM_
47491271497 -75 4473871969 1424983891.9300 5220 eduroam_
47491271491 -76 4473871960 1424983891.9300 5220 UofM_Secure_
47491272327 -59 4473871990 1424983891.9300 5745 _
47491271489 -76 4473871955 1424983891.9300 5220 UofM_
47491271493 -76 4473871964 1424983891.9300 5220 UofM_Guest_
47491271488 -86 4473871934 1424983891.9300 2437 UofM_
