47492007880 -69 4298150283 1424983716.2540 2412 eduroam_
211938385015607 -76 4293874926 1424983716.2540 2437 HS-HOME-NET_
162797488891936 -75 4298150287 1424983716.2540 2437 viro-geni-2_
211938385015619 -87 4298150295 1424983716.2540 2437 viro2_
47491268873 -64 4298150372 1424983716.2540 5785 eduroam_
47491268867 -63 4298150365 1424983716.2540 5785 UofM_Secure_
114896623892006 -78 4298150291 1424983716.2540 2437 NAO_
47491268869 -63 4298150369 1424983716.2540 5785 UofM_Guest_
47492007881 -67 4298150355 1424983716.2540 5220 eduroam_
47492007875 -72 4298150348 1424983716.2540 5220 UofM_Secure_
47492007873 -69 4298150345 1424983716.2540 5220 UofM_
47492007877 -70 4298150352 1424983716.2540 5220 UofM_Guest_
47492007879 -67 4298150358 1424983716.2540 5220 _
47492007874 -69 4293874895 1424983716.2540 2412 UofM_Secure_
47491268866 -80 4298150341 1424983716.2540 2462 UofM_Secure_
47491473986 -76 4293874954 1424983716.2540 2437 UofM_Secure_
47491473992 -78 4293874922 1424983716.2540 2437 eduroam_
47491268872 -74 4298150321 1424983716.2540 2462 eduroam_
211938385015055 -86 4293874932 1424983716.2540 2437 viro-geni-1_
47491268865 -63 4298150362 1424983716.2540 5785 UofM_
47491268871 -70 4293875068 1424983716.2540 5785 _
47492007876 -68 4298150276 1424983716.2540 2412 UofM_Guest_
47491473988 -78 4293874916 1424983716.2540 2437 UofM_Guest_
47491473984 -78 4293874946 1424983716.2540 2437 UofM_
47492007872 -70 4298150273 1424983716.2540 2412 UofM_
47492007878 -68 4298150280 1424983716.2540 2412 _
47491473990 -81 4293874942 1424983716.2540 2437 _
47491268868 -75 4298150313 1424983716.2540 2462 UofM_Guest_
47491268870 -73 4298150317 1424983716.2540 2462 _
47491268864 -76 4298150325 1424983716.2540 2462 UofM_
47491959236 -86 4298150301 1424983716.2540 2437 UofM_Guest_
84207466584962 -77 4298150259 1424983716.2540 2412 UofM_Secure_
84207466584968 -80 4298150270 1424983716.2540 2412 eduroam_
47491959240 -85 4298150309 1424983716.2540 2437 eduroam_
84207466584966 -81 4298150265 1424983716.2540 2412 _
84207466584964 -81 4298150262 1424983716.2540 2412 UofM_Guest_
47491959238 -84 4298150305 1424983716.2540 2437 _
47493331332 -87 4298150333 1424983716.2540 2462 UofM_Guest_
47493331334 -88 4298150337 1424983716.2540 2462 _
47493331328 -88 4298150329 1424983716.2540 2462 UofM_
