47491959240 -70 3878435225 1424983296.4940 2437 eduroam_
47491959232 -70 3878435208 1424983296.4940 2437 UofM_
47491959236 -71 3878435216 1424983296.4940 2437 UofM_Guest_
47491959238 -71 3878435220 1424983296.4940 2437 _
47491959235 -73 3878435228 1424983296.4940 5180 UofM_Secure_
47491959241 -75 3878435266 1424983296.4940 5180 eduroam_
47491959237 -78 3878435262 1424983296.4940 5180 UofM_Guest_
47491959233 -77 3878435258 1424983296.4940 5180 UofM_
47491959234 -68 3878435212 1424983296.4940 2437 UofM_Secure_
9608971665516 -82 3874777189 1424983296.4940 2412 UNITE-C06C_
47491463110 -84 3874777186 1424983296.4940 2412 _
47491463108 -84 3874777181 1424983296.4940 2412 UofM_Guest_
47491463104 -85 3874777178 1424983296.4940 2412 UofM_
47494398601 -76 3878435290 1424983296.4940 5805 eduroam_
47494398595 -76 3878435280 1424983296.4940 5805 UofM_Secure_
47494398594 -81 3878435239 1424983296.4940 2462 UofM_Secure_
47494398600 -83 3878435253 1424983296.4940 2462 eduroam_
47491959239 -75 3878435272 1424983296.4940 5180 _
47494398597 -75 3878435285 1424983296.4940 5805 UofM_Guest_
47494398593 -76 3878435275 1424983296.4940 5805 UofM_
47494398596 -82 3878435242 1424983296.4940 2462 UofM_Guest_
47494398598 -83 3878435247 1424983296.4940 2462 _
47494398592 -83 3878435234 1424983296.4940 2462 UofM_
