47492007880 -87 4271477716 1424983703.0190 2412 eduroam_
47492007876 -86 4271477768 1424983703.0190 2412 UofM_Guest_
47492007878 -85 4271477710 1424983703.0190 2412 _
211938385015607 -61 4284960459 1424983703.0190 2437 HS-HOME-NET_
162797488891936 -69 4284960456 1424983703.0190 2437 viro-geni-2_
47493331337 -80 4284960492 1424983703.0190 5180 eduroam_
47493331331 -77 4284960486 1424983703.0190 5180 UofM_Secure_
47493331330 -82 4284960474 1424983703.0190 2462 UofM_Secure_
47493331333 -75 4284960489 1424983703.0190 5180 UofM_Guest_
47493331329 -76 4284960483 1424983703.0190 5180 UofM_
47493331334 -80 4284960480 1424983703.0190 2462 _
47493331332 -80 4284960477 1424983703.0190 2462 UofM_Guest_
162797488891937 -75 4284960496 1424983703.0190 5765 Linksys19141_5GHz_
211938385015055 -73 4284960462 1424983703.0190 2437 viro-geni-1_
211938385015619 -65 4284960453 1424983703.0190 2437 viro2_
47492007872 -85 4271477762 1424983703.0190 2412 UofM_
47491269568 -73 4284960438 1424983703.0190 2412 UofM_
47493331336 -83 4284960468 1424983703.0190 2462 eduroam_
2297084420154 -65 4284960434 1424983703.0190 2412 DIRECT-_
47493331328 -81 4284960471 1424983703.0190 2462 UofM_
47491269576 -76 4284960450 1424983703.0190 2412 eduroam_
47491269570 -75 4284960441 1424983703.0190 2412 UofM_Secure_
47491269572 -73 4284960444 1424983703.0190 2412 UofM_Guest_
47491269574 -74 4284960447 1424983703.0190 2412 _
47491959236 -86 4284960465 1424983703.0190 2437 UofM_Guest_
