47491272320 -81 4090852825 1424983512.4090 2412 UofM_
47491272329 -70 4094349595 1424983512.4090 5745 eduroam_
47491272323 -70 4094349572 1424983512.4090 5745 UofM_Secure_
47491272328 -78 4094349567 1424983512.4090 2412 eduroam_
47491272321 -70 4094349580 1424983512.4090 5745 UofM_
47491272325 -72 4094349587 1424983512.4090 5745 UofM_Guest_
47491272324 -76 4094349557 1424983512.4090 2412 UofM_Guest_
47491272326 -75 4094349560 1424983512.4090 2412 _
189441481136073 -81 4094349630 1424983512.4090 5765 eduroam_
189441481136067 -78 4094349613 1424983512.4090 5765 UofM_Secure_
47491272327 -71 4094349602 1424983512.4090 5745 _
189441481136069 -78 4094349622 1424983512.4090 5765 UofM_Guest_
189441481136065 -71 4094349634 1424983512.4090 5765 UofM_
189441481136068 -87 4094349576 1424983512.4090 2437 UofM_Guest_
