47491268867 -65 3943215626 1424983361.2840 5785 UofM_Secure_
47491268873 -63 3943215637 1424983361.2840 5785 eduroam_
47491268869 -66 3943215632 1424983361.2840 5785 UofM_Guest_
47491268865 -67 3943215620 1424983361.2840 5785 UofM_
47492007874 -66 3943215549 1424983361.2840 2412 UofM_Secure_
47492007880 -80 3943215565 1424983361.2840 2412 eduroam_
47492007876 -84 3943215554 1424983361.2840 2412 UofM_Guest_
47492007878 -86 3943215560 1424983361.2840 2412 _
47491268872 -64 3943215594 1424983361.2840 2462 eduroam_
47491268864 -64 3943215574 1424983361.2840 2462 UofM_
47491268868 -64 3943215584 1424983361.2840 2462 UofM_Guest_
47491268870 -67 3943215589 1424983361.2840 2462 _
47491473984 -84 3939362838 1424983361.2840 2437 UofM_
47492007881 -72 3943215614 1424983361.2840 5220 eduroam_
47492007875 -72 3943215604 1424983361.2840 5220 UofM_Secure_
162797488891936 -81 3939362845 1424983361.2840 2437 viro-geni-2_
47492007877 -76 3943215609 1424983361.2840 5220 UofM_Guest_
47492007873 -75 3943215599 1424983361.2840 5220 UofM_
84207466584968 -85 3939362823 1424983361.2840 2412 eduroam_
47491268871 -57 3939362883 1424983361.2840 5785 _
47492007872 -82 3943215543 1424983361.2840 2412 UofM_
211938385015619 -78 3939362834 1424983361.2840 2437 viro2_
84207466584966 -86 3939362819 1424983361.2840 2412 _
84207466584964 -86 3939362815 1424983361.2840 2412 UofM_Guest_
47491268866 -67 3943215579 1424983361.2840 2462 UofM_Secure_
47491328712 -83 3943215569 1424983361.2840 2437 eduroam_
189441478786248 -86 3943215537 1424983361.2840 2412 eduroam_
