189441481136067 -71 4025087537 1424983448.7640 5765 UofM_Secure_
47491272328 -75 4030693806 1424983448.7640 2412 eduroam_
47491272324 -73 4030693794 1424983448.7640 2412 UofM_Guest_
47491272320 -73 4030693785 1424983448.7640 2412 UofM_
47491272326 -77 4030693799 1424983448.7640 2412 _
47491272329 -74 4028630166 1424983448.7640 5745 eduroam_
47491272323 -72 4028630157 1424983448.7640 5745 UofM_Secure_
47491272325 -73 4028630162 1424983448.7640 5745 UofM_Guest_
47491272321 -72 4028630153 1424983448.7640 5745 UofM_
47491272327 -72 4028630170 1424983448.7640 5745 _
47491271497 -69 4030693851 1424983448.7640 5220 eduroam_
47491271491 -70 4030693840 1424983448.7640 5220 UofM_Secure_
47491271495 -70 4030693855 1424983448.7640 5220 _
47491271489 -69 4030693830 1424983448.7640 5220 UofM_
47491271493 -70 4030693847 1424983448.7640 5220 UofM_Guest_
47491271490 -75 4028630119 1424983448.7640 2437 UofM_Secure_
47491271496 -78 4030693824 1424983448.7640 2437 eduroam_
47491271492 -74 4028630124 1424983448.7640 2437 UofM_Guest_
47491271488 -75 4028630115 1424983448.7640 2437 UofM_
47491271494 -77 4030693816 1424983448.7640 2437 _
