47492007880 -85 4288497860 1424983706.5620 2412 eduroam_
211938385015607 -63 4288497865 1424983706.5620 2437 HS-HOME-NET_
162797488891936 -64 4288497875 1424983706.5620 2437 viro-geni-2_
47493331337 -80 4284960492 1424983706.5620 5180 eduroam_
47493331331 -77 4284960486 1424983706.5620 5180 UofM_Secure_
47493331330 -82 4284960474 1424983706.5620 2462 UofM_Secure_
47493331333 -75 4284960489 1424983706.5620 5180 UofM_Guest_
47493331329 -76 4284960483 1424983706.5620 5180 UofM_
47493331334 -80 4284960480 1424983706.5620 2462 _
47493331332 -80 4284960477 1424983706.5620 2462 UofM_Guest_
162797488891937 -75 4284960496 1424983706.5620 5765 Linksys19141_5GHz_
211938385015055 -73 4284960462 1424983706.5620 2437 viro-geni-1_
211938385015619 -66 4288497870 1424983706.5620 2437 viro2_
47491269568 -81 4288497836 1424983706.5620 2412 UofM_
47493331336 -83 4284960468 1424983706.5620 2462 eduroam_
2297084420154 -72 4288497828 1424983706.5620 2412 DIRECT-_
47493331328 -81 4284960471 1424983706.5620 2462 UofM_
47491269576 -83 4288497856 1424983706.5620 2412 eduroam_
47491269570 -79 4288497842 1424983706.5620 2412 UofM_Secure_
47491269572 -81 4288497847 1424983706.5620 2412 UofM_Guest_
47491269574 -83 4288497851 1424983706.5620 2412 _
47491959236 -86 4284960465 1424983706.5620 2437 UofM_Guest_
47491268873 -72 4288497896 1424983706.5620 5785 eduroam_
47491268867 -73 4288497885 1424983706.5620 5785 UofM_Secure_
114896623892006 -86 4288497879 1424983706.5620 2437 NAO_
47491268869 -71 4288497891 1424983706.5620 5785 UofM_Guest_
