189441481136068 -80 4213162722 1424983631.5570 2437 UofM_Guest_
189441481136072 -86 4213455136 1424983631.5570 2437 eduroam_
189441481136070 -83 4213162727 1424983631.5570 2437 _
189441481136064 -81 4213162642 1424983631.5570 2437 UofM_
189441481136067 -81 4210092750 1424983631.5570 5765 UofM_Secure_
47491959240 -65 4213455133 1424983631.5570 2437 eduroam_
47491959236 -65 4213455126 1424983631.5570 2437 UofM_Guest_
47491959238 -67 4213455129 1424983631.5570 2437 _
47491959232 -66 4213455119 1424983631.5570 2437 UofM_
47491959241 -69 4213162828 1424983631.5570 5180 eduroam_
47491959235 -71 4213162816 1424983631.5570 5180 UofM_Secure_
47494398600 -70 4213162767 1424983631.5570 2462 eduroam_
47494398594 -71 4213162772 1424983631.5570 2462 UofM_Secure_
47491272009 -80 4213162838 1424983631.5570 5200 eduroam_
47491272008 -77 4213162752 1424983631.5570 2437 eduroam_
47491272002 -78 4213162736 1424983631.5570 2437 UofM_Secure_
47491463112 -82 4213162619 1424983631.5570 2412 eduroam_
47491959237 -70 4213162823 1424983631.5570 5180 UofM_Guest_
47491959239 -71 4213162833 1424983631.5570 5180 _
47491959233 -72 4213162781 1424983631.5570 5180 UofM_
47494398596 -70 4213162757 1424983631.5570 2462 UofM_Guest_
47494398598 -74 4213162762 1424983631.5570 2462 _
47491463109 -81 4213162859 1424983631.5570 5240 UofM_Guest_
47491272006 -78 4213162746 1424983631.5570 2437 _
47491272004 -78 4213162741 1424983631.5570 2437 UofM_Guest_
47491272000 -79 4213162732 1424983631.5570 2437 UofM_
47491463110 -82 4213162612 1424983631.5570 2412 _
71145876123140 -85 4213162776 1424983631.5570 2462 UofM_Guest_
47491959234 -68 4213455123 1424983631.5570 2437 UofM_Secure_
47491268864 -88 4213455116 1424983631.5570 2462 UofM_
