47492007880 -84 3856751892 1424983274.9330 2412 eduroam_
47492007878 -79 3853492045 1424983274.9330 2412 _
47491959240 -66 3856751985 1424983274.9330 2437 eduroam_
84207466584964 -79 3856751940 1424983274.9330 2412 UofM_Guest_
47491959232 -66 3856752037 1424983274.9330 2437 UofM_
47491959236 -68 3856751973 1424983274.9330 2437 UofM_Guest_
84207466584966 -80 3856751946 1424983274.9330 2412 _
47491959238 -69 3856751979 1424983274.9330 2437 _
114896623892006 -71 3856751953 1424983274.9330 2437 NAO_
189441481137414 -78 3856751966 1424983274.9330 2437 _
189441481137416 -82 3853492063 1424983274.9330 2437 eduroam_
84207466584960 -89 3856751898 1424983274.9330 2412 UofM_
189441481137412 -82 3856751993 1424983274.9330 2437 UofM_Guest_
47491959235 -76 3856752094 1424983274.9330 5180 UofM_Secure_
47491959241 -76 3856752106 1424983274.9330 5180 eduroam_
84207466584962 -79 3853491994 1424983274.9330 2412 UofM_Secure_
84207466584968 -91 3856751907 1424983274.9330 2412 eduroam_
47491460552 -73 3856752072 1424983274.9330 2462 eduroam_
162797488891936 -81 3853492073 1424983274.9330 2437 viro-geni-2_
211938385015055 -88 3853492051 1424983274.9330 2437 viro-geni-1_
47491268872 -90 3853492096 1424983274.9330 2462 eduroam_
47491959239 -76 3856752113 1424983274.9330 5180 _
47491959237 -74 3856752100 1424983274.9330 5180 UofM_Guest_
47491959233 -74 3856752087 1424983274.9330 5180 UofM_
47491460548 -76 3856752059 1424983274.9330 2462 UofM_Guest_
47491460544 -77 3856752055 1424983274.9330 2462 UofM_
189441481137408 -85 3856752048 1424983274.9330 2437 UofM_
47491460550 -77 3856752065 1424983274.9330 2462 _
47492007876 -83 3856751886 1424983274.9330 2412 UofM_Guest_
47491268864 -85 3853492087 1424983274.9330 2462 UofM_
47491268868 -86 3853492090 1424983274.9330 2462 UofM_Guest_
189441478786240 -82 3856751915 1424983274.9330 2412 UofM_
189441478786244 -80 3856751921 1424983274.9330 2412 UofM_Guest_
47491268870 -88 3853492093 1424983274.9330 2462 _
47493331328 -90 3853492099 1424983274.9330 2462 UofM_
47491460546 -73 3856752080 1424983274.9330 2462 UofM_Secure_
47491959234 -73 3856752043 1424983274.9330 2437 UofM_Secure_
189441478786248 -79 3856751933 1424983274.9330 2412 eduroam_
189441478786246 -78 3856751927 1424983274.9330 2412 _
47492007872 -84 3856751879 1424983274.9330 2412 UofM_
