47491272323 -75 4125447663 1424983547.0590 5745 UofM_Secure_
47491268865 -76 4128993247 1424983547.0590 5785 UofM_
47491272329 -74 4125447659 1424983547.0590 5745 eduroam_
47491268866 -78 4125447631 1424983547.0590 2462 UofM_Secure_
47491268872 -83 4125447650 1424983547.0590 2462 eduroam_
47491272321 -74 4128993191 1424983547.0590 5745 UofM_
47491272325 -74 4125447654 1424983547.0590 5745 UofM_Guest_
47491268864 -83 4125447624 1424983547.0590 2462 UofM_
47491268868 -83 4125447636 1424983547.0590 2462 UofM_Guest_
47491268870 -84 4125447645 1424983547.0590 2462 _
47491272326 -68 4125447583 1424983547.0590 2412 _
47491272320 -81 4128993179 1424983547.0590 2412 UofM_
47491272324 -64 4125447578 1424983547.0590 2412 UofM_Guest_
189441481136070 -71 4128993214 1424983547.0590 2437 _
189441481136072 -73 4128993218 1424983547.0590 2437 eduroam_
189441481136066 -72 4128993201 1424983547.0590 2437 UofM_Secure_
47491272328 -66 4125447587 1424983547.0590 2412 eduroam_
47491272322 -67 4125447572 1424983547.0590 2412 UofM_Secure_
189441481136073 -76 4128993242 1424983547.0590 5765 eduroam_
47491268873 -74 4128993261 1424983547.0590 5785 eduroam_
189441481136067 -77 4128993227 1424983547.0590 5765 UofM_Secure_
47491268867 -78 4128993252 1424983547.0590 5785 UofM_Secure_
189441481136064 -70 4128993196 1424983547.0590 2437 UofM_
189441481136068 -74 4128993208 1424983547.0590 2437 UofM_Guest_
189441481136069 -82 4128993233 1424983547.0590 5765 UofM_Guest_
47491268869 -74 4128993257 1424983547.0590 5785 UofM_Guest_
189441481136065 -78 4128993223 1424983547.0590 5765 UofM_
47491272327 -76 4125447669 1424983547.0590 5745 _
47491268871 -74 4128993266 1424983547.0590 5785 _
189441481136071 -77 4128993237 1424983547.0590 5765 _
